00 273.325 272.291 0.9754 0.9656
00 272.657 271.681 0.9668 0.9571
00 272.836 271.753 0.9719 0.9622
00 272.480 271.513 0.9761 0.9663
00 272.722 271.660 0.9721 0.9624
00 272.046 271.100 0.9669 0.9572
00 271.944 270.888 0.9685 0.9588
00 271.613 270.702 0.9733 0.9636
00 272.160 271.096 0.9662 0.9565
00 271.616 270.685 0.9664 0.9567
00 271.561 270.517 0.9667 0.9570
00 271.492 270.614 0.9744 0.9647
00 271.477 270.444 0.9617 0.9521
00 271.667 270.730 0.9668 0.9571
00 271.688 270.639 0.9653 0.9556
00 271.757 270.843 0.9715 0.9618
00 271.487 270.468 0.9582 0.9486
00 271.992 271.038 0.9672 0.9575
00 272.320 271.248 0.9643 0.9547
00 272.461 271.441 0.9668 0.9572
00 272.218 271.180 0.9555 0.9459
00 272.617 271.641 0.9690 0.9593
00 272.572 271.492 0.9656 0.9559
00 272.988 271.897 0.9617 0.9521
00 272.648 271.601 0.9534 0.9439
00 272.786 271.808 0.9691 0.9594
00 272.894 271.805 0.9619 0.9523
00 273.110 272.017 0.9609 0.9513
00 272.935 271.895 0.9489 0.9394
00 272.815 271.842 0.9696 0.9599
00 272.776 271.695 0.9595 0.9499
00 272.991 271.914 0.9591 0.9496
00 272.950 271.935 0.9449 0.9355
00 272.989 272.011 0.9687 0.9590
00 272.830 271.749 0.9579 0.9483
00 273.082 272.005 0.9576 0.9481
00 273.127 272.119 0.9425 0.9331
00 273.309 272.322 0.9657 0.9560
00 273.193 272.099 0.9576 0.9481
00 273.474 272.358 0.9503 0.9408
00 273.278 272.251 0.9424 0.9330
00 273.568 272.578 0.9685 0.9588
00 273.351 272.252 0.9591 0.9495
00 273.546 272.451 0.9525 0.9430
00 273.583 272.523 0.9462 0.9368
00 273.623 272.633 0.9689 0.9592
00 273.451 272.362 0.9599 0.9503
00 273.557 272.500 0.9563 0.9467
00 273.665 272.596 0.9525 0.9430
00 273.810 272.808 0.9669 0.9573
00 273.647 272.554 0.9624 0.9528
00 273.693 272.648 0.9599 0.9503
00 273.881 272.797 0.9534 0.9439
00 273.908 272.903 0.9669 0.9573
00 273.901 272.796 0.9610 0.9514
00 273.890 272.863 0.9620 0.9524
00 274.152 273.023 0.9494 0.9399
00 274.250 273.227 0.9656 0.9559
00 274.339 273.219 0.9570 0.9475
00 274.178 273.164 0.9643 0.9546
00 274.473 273.294 0.9434 0.9339
00 274.689 273.642 0.9623 0.9527
00 274.921 273.788 0.9548 0.9453
00 274.698 273.664 0.9627 0.9531
00 275.205 273.947 0.9410 0.9316
00 275.174 274.080 0.9605 0.9509
00 275.320 274.190 0.9535 0.9439
00 275.233 274.175 0.9648 0.9552
00 275.220 273.923 0.9383 0.9289
00 275.600 274.461 0.9558 0.9463
00 275.783 274.666 0.9542 0.9447
00 275.387 274.334 0.9637 0.9541
00 273.916 272.888 0.9798 0.9700
00 273.261 272.263 0.9669 0.9573
00 273.225 272.106 0.9687 0.9590
00 272.654 271.668 0.9742 0.9645
00 273.697 272.640 0.9769 0.9671
00 272.950 271.956 0.9669 0.9573
00 272.279 271.199 0.9664 0.9568
00 271.660 270.715 0.9700 0.9603
00 272.922 271.863 0.9718 0.9621
00 271.545 270.617 0.9661 0.9565
00 271.462 270.419 0.9632 0.9535
00 271.460 270.544 0.9695 0.9598
00 271.471 270.461 0.9678 0.9582
00 271.462 270.534 0.9666 0.9569
00 271.461 270.424 0.9612 0.9516
00 271.539 270.641 0.9699 0.9602
00 271.460 270.455 0.9650 0.9554
00 271.651 270.718 0.9669 0.9572
00 271.840 270.783 0.9591 0.9496
00 272.203 271.266 0.9679 0.9583
00 271.526 270.527 0.9619 0.9522
00 272.307 271.345 0.9693 0.9596
00 272.536 271.453 0.9622 0.9526
00 273.040 271.990 0.9621 0.9525
00 272.587 271.553 0.9602 0.9506
00 273.024 272.036 0.9667 0.9571
00 272.975 271.880 0.9615 0.9519
00 273.451 272.314 0.9548 0.9453
00 273.257 272.207 0.9555 0.9460
00 273.559 272.555 0.9671 0.9574
00 273.065 271.970 0.9612 0.9516
00 273.629 272.493 0.9551 0.9456
00 273.544 272.501 0.9509 0.9413
00 273.577 272.579 0.9666 0.9569
00 273.152 272.059 0.9611 0.9515
00 273.442 272.323 0.9514 0.9419
00 273.565 272.531 0.9451 0.9356
00 273.501 272.509 0.9644 0.9548
00 273.376 272.288 0.9580 0.9484
00 273.527 272.393 0.9460 0.9365
00 273.753 272.716 0.9446 0.9352
00 273.529 272.541 0.9654 0.9557
00 273.587 272.500 0.9599 0.9503
00 273.579 272.472 0.9493 0.9398
00 273.740 272.693 0.9436 0.9342
00 273.727 272.734 0.9681 0.9584
00 273.693 272.613 0.9623 0.9527
00 273.639 272.577 0.9568 0.9472
00 273.780 272.712 0.9491 0.9396
00 273.857 272.856 0.9658 0.9561
00 273.743 272.674 0.9640 0.9543
00 273.835 272.808 0.9597 0.9501
00 274.181 273.094 0.9528 0.9432
00 274.245 273.221 0.9650 0.9554
00 274.369 273.280 0.9632 0.9536
00 274.205 273.185 0.9622 0.9526
00 274.400 273.294 0.9484 0.9389
00 274.697 273.630 0.9589 0.9493
00 274.778 273.668 0.9611 0.9515
00 274.383 273.380 0.9644 0.9547
00 274.897 273.715 0.9399 0.9305
00 275.261 274.136 0.9542 0.9446
00 275.315 274.164 0.9611 0.9514
00 274.698 273.694 0.9637 0.9541
00 275.072 273.840 0.9400 0.9306
00 275.532 274.371 0.9477 0.9383
00 275.512 274.353 0.9582 0.9486
00 275.088 274.059 0.9660 0.9564
00 275.258 273.956 0.9375 0.9281
00 275.478 274.278 0.9391 0.9297
00 275.467 274.325 0.9560 0.9464
00 275.239 274.201 0.9661 0.9565
00 274.350 273.338 0.9811 0.9713
00 273.612 272.610 0.9685 0.9588
00 273.389 272.247 0.9636 0.9540
00 272.626 271.658 0.9774 0.9676
00 274.294 273.259 0.9778 0.9680
00 273.539 272.527 0.9678 0.9581
00 272.531 271.436 0.9639 0.9542
00 271.949 270.986 0.9719 0.9622
00 273.247 272.229 0.9747 0.9650
00 271.570 270.627 0.9650 0.9554
00 271.462 270.435 0.9628 0.9532
00 271.460 270.518 0.9686 0.9589
00 271.470 270.515 0.9722 0.9624
00 271.460 270.515 0.9628 0.9532
00 271.460 270.444 0.9622 0.9526
00 271.460 270.535 0.9668 0.9571
00 271.460 270.510 0.9706 0.9609
00 271.479 270.537 0.9617 0.9521
00 271.520 270.514 0.9622 0.9526
00 271.551 270.641 0.9666 0.9570
00 271.461 270.511 0.9683 0.9586
00 271.898 270.955 0.9634 0.9538
00 272.384 271.330 0.9641 0.9545
00 272.198 271.262 0.9663 0.9566
00 272.852 271.827 0.9640 0.9544
00 273.017 272.036 0.9653 0.9557
00 273.020 271.937 0.9615 0.9519
00 273.249 272.205 0.9620 0.9524
00 273.759 272.691 0.9610 0.9514
00 273.677 272.672 0.9668 0.9572
00 273.322 272.225 0.9619 0.9523
00 273.617 272.478 0.9545 0.9449
00 273.868 272.807 0.9544 0.9449
00 273.588 272.588 0.9638 0.9541
00 273.406 272.303 0.9590 0.9494
00 273.722 272.551 0.9508 0.9413
00 273.916 272.855 0.9472 0.9377
00 273.642 272.649 0.9643 0.9546
00 273.526 272.412 0.9583 0.9487
00 273.655 272.490 0.9449 0.9355
00 273.908 272.861 0.9438 0.9344
00 273.658 272.672 0.9660 0.9564
00 273.664 272.553 0.9599 0.9503
00 273.693 272.556 0.9455 0.9360
00 273.833 272.795 0.9430 0.9335
00 273.729 272.729 0.9661 0.9564
00 273.787 272.689 0.9615 0.9519
00 273.841 272.711 0.9498 0.9403
00 274.115 273.045 0.9473 0.9379
00 274.090 273.038 0.9598 0.9502
00 274.197 273.099 0.9606 0.9510
00 273.871 272.777 0.9557 0.9462
00 274.284 273.198 0.9510 0.9415
00 274.407 273.302 0.9527 0.9432
00 274.550 273.455 0.9603 0.9507
00 274.097 273.048 0.9583 0.9487
00 274.324 273.259 0.9500 0.9405
00 274.361 273.211 0.9433 0.9338
00 274.701 273.614 0.9601 0.9505
00 274.519 273.490 0.9603 0.9507
00 274.579 273.466 0.9437 0.9343
00 274.655 273.407 0.9280 0.9187
00 274.905 273.818 0.9627 0.9531
00 274.721 273.710 0.9612 0.9516
00 275.022 273.812 0.9396 0.9302
00 275.167 273.861 0.9219 0.9127
00 275.279 274.175 0.9626 0.9530
00 275.153 274.138 0.9656 0.9559
00 275.203 273.908 0.9337 0.9243
00 275.235 273.921 0.9181 0.9089
00 275.521 274.399 0.9609 0.9513
00 275.448 274.422 0.9656 0.9559
00 274.019 273.014 0.9809 0.9711
00 273.509 272.506 0.9665 0.9568
00 273.030 271.935 0.9613 0.9517
00 272.460 271.497 0.9781 0.9683
00 274.187 273.164 0.9772 0.9674
00 273.299 272.297 0.9649 0.9552
00 272.452 271.398 0.9579 0.9483
00 272.115 271.149 0.9722 0.9625
00 272.210 271.255 0.9750 0.9652
00 271.474 270.534 0.9633 0.9537
00 271.485 270.505 0.9538 0.9443
00 271.461 270.514 0.9687 0.9590
00 271.460 270.539 0.9736 0.9639
00 271.460 270.511 0.9610 0.9514
00 271.460 270.480 0.9535 0.9440
00 271.460 270.518 0.9660 0.9563
00 271.460 270.543 0.9722 0.9625
00 271.460 270.535 0.9611 0.9514
00 271.460 270.490 0.9573 0.9477
00 271.479 270.550 0.9651 0.9554
00 271.460 270.547 0.9711 0.9614
00 271.556 270.655 0.9641 0.9544
00 272.113 271.127 0.9614 0.9518
00 272.159 271.217 0.9649 0.9553
00 272.570 271.606 0.9698 0.9601
00 272.855 271.897 0.9646 0.9550
00 272.904 271.877 0.9616 0.9520
00 273.087 272.111 0.9647 0.9551
00 273.660 272.633 0.9654 0.9557
00 273.706 272.699 0.9641 0.9544
00 273.727 272.656 0.9627 0.9531
00 273.385 272.372 0.9609 0.9513
00 273.986 272.926 0.9570 0.9474
00 273.784 272.782 0.9619 0.9522
00 273.841 272.760 0.9637 0.9540
00 273.667 272.554 0.9561 0.9466
00 273.987 272.915 0.9473 0.9379
00 273.767 272.779 0.9627 0.9530
00 273.931 272.841 0.9614 0.9518
00 273.611 272.435 0.9474 0.9379
00 274.016 272.957 0.9442 0.9347
00 273.631 272.622 0.9614 0.9518
00 273.929 272.840 0.9622 0.9526
00 273.696 272.524 0.9461 0.9366
00 273.983 272.937 0.9443 0.9348
00 273.780 272.708 0.9542 0.9447
00 273.983 272.897 0.9628 0.9531
00 273.814 272.647 0.9465 0.9370
00 273.956 272.913 0.9498 0.9403
00 274.024 272.884 0.9419 0.9324
00 274.109 273.021 0.9620 0.9524
00 273.863 272.711 0.9477 0.9382
00 274.346 273.270 0.9506 0.9411
00 274.369 273.136 0.9292 0.9199
00 274.559 273.446 0.9582 0.9486
00 274.367 273.210 0.9474 0.9380
00 274.797 273.699 0.9412 0.9318
00 274.730 273.455 0.9229 0.9137
00 274.818 273.698 0.9550 0.9454
00 274.755 273.629 0.9499 0.9404
00 275.496 274.339 0.9417 0.9323
00 275.382 274.074 0.9252 0.9160
00 275.273 274.143 0.9585 0.9489
00 275.311 274.216 0.9580 0.9484
00 275.361 274.154 0.9392 0.9298
00 275.594 274.245 0.9200 0.9108
00 275.716 274.587 0.9602 0.9506
00 275.700 274.627 0.9613 0.9517
00 275.685 274.386 0.9339 0.9246
00 275.866 274.448 0.9092 0.9001
00 275.900 274.782 0.9613 0.9517
00 276.027 274.951 0.9618 0.9522
00 273.125 272.173 0.9834 0.9736
00 272.636 271.613 0.9589 0.9493
00 272.474 271.413 0.9666 0.9569
00 272.062 271.132 0.9797 0.9699
00 273.691 272.706 0.9817 0.9719
00 273.057 272.039 0.9640 0.9544
00 272.739 271.657 0.9587 0.9492
00 272.198 271.243 0.9752 0.9654
00 272.594 271.641 0.9782 0.9684
00 272.286 271.315 0.9660 0.9563
00 272.196 271.154 0.9525 0.9429
00 271.839 270.892 0.9721 0.9624
00 271.463 270.549 0.9754 0.9656
00 271.461 270.527 0.9656 0.9559
00 271.466 270.489 0.9515 0.9420
00 271.460 270.524 0.9694 0.9597
00 271.460 270.549 0.9737 0.9640
00 271.460 270.526 0.9612 0.9516
00 271.460 270.499 0.9529 0.9433
00 271.460 270.517 0.9658 0.9561
00 271.460 270.555 0.9725 0.9628
00 271.460 270.557 0.9616 0.9520
00 271.461 270.516 0.9534 0.9438
00 271.477 270.531 0.9627 0.9531
00 271.460 270.563 0.9719 0.9622
00 271.583 270.698 0.9644 0.9547
00 272.185 271.222 0.9564 0.9469
00 272.152 271.182 0.9616 0.9520
00 272.170 271.240 0.9699 0.9602
00 272.644 271.701 0.9633 0.9537
00 272.569 271.604 0.9618 0.9522
00 272.946 271.955 0.9619 0.9523
00 272.761 271.784 0.9645 0.9549
00 273.189 272.222 0.9617 0.9521
00 273.084 272.095 0.9616 0.9520
00 273.177 272.192 0.9623 0.9526
00 273.656 272.612 0.9562 0.9467
00 273.589 272.606 0.9630 0.9533
00 273.615 272.599 0.9619 0.9523
00 273.614 272.610 0.9629 0.9533
00 274.111 273.033 0.9468 0.9374
00 273.820 272.782 0.9569 0.9474
00 274.180 273.129 0.9602 0.9506
00 273.872 272.813 0.9591 0.9496
00 273.908 272.860 0.9444 0.9350
00 273.796 272.691 0.9471 0.9377
00 273.902 272.852 0.9581 0.9485
00 273.797 272.670 0.9558 0.9463
00 273.907 272.869 0.9470 0.9375
00 273.955 272.798 0.9376 0.9282
00 273.932 272.874 0.9579 0.9484
00 273.826 272.678 0.9531 0.9436
00 274.059 273.013 0.9513 0.9418
00 273.967 272.788 0.9323 0.9230
00 274.070 273.000 0.9591 0.9496
00 273.843 272.692 0.9503 0.9408
00 274.434 273.357 0.9504 0.9409
00 274.153 272.973 0.9308 0.9215
00 274.267 273.202 0.9616 0.9520
00 273.808 272.659 0.9475 0.9380
00 274.693 273.609 0.9431 0.9337
00 274.582 273.349 0.9290 0.9197
00 275.145 274.043 0.9625 0.9529
00 274.885 273.677 0.9432 0.9338
00 275.206 274.125 0.9465 0.9371
00 275.268 273.910 0.9200 0.9108
00 275.700 274.578 0.9627 0.9531
00 275.559 274.332 0.9468 0.9373
00 275.279 274.105 0.9419 0.9325
00 275.431 274.020 0.9072 0.8981
00 275.718 274.587 0.9599 0.9503
00 275.948 274.757 0.9506 0.9411
00 275.757 274.489 0.9356 0.9263
00 275.675 274.255 0.8986 0.8896
00 275.949 274.803 0.9578 0.9482
00 275.869 274.739 0.9544 0.9449
00 271.460 270.502 0.9532 0.9437
00 271.504 270.482 0.9665 0.9568
00 271.461 270.577 0.9823 0.9725
00 271.571 270.586 0.9566 0.9471
00 271.514 270.478 0.9567 0.9471
00 271.538 270.625 0.9784 0.9687
00 271.479 270.590 0.9800 0.9702
00 271.553 270.595 0.9647 0.9551
00 271.490 270.457 0.9475 0.9380
00 271.460 270.542 0.9751 0.9654
00 271.460 270.569 0.9782 0.9684
00 271.462 270.525 0.9677 0.9580
00 271.460 270.443 0.9428 0.9334
00 271.460 270.545 0.9727 0.9630
00 271.460 270.568 0.9764 0.9666
00 271.460 270.534 0.9653 0.9556
00 271.460 270.449 0.9405 0.9311
00 271.460 270.543 0.9698 0.9601
00 271.460 270.566 0.9746 0.9648
00 271.460 270.541 0.9609 0.9513
00 271.460 270.453 0.9397 0.9303
00 271.460 270.531 0.9654 0.9558
00 271.460 270.566 0.9729 0.9632
00 271.463 270.573 0.9621 0.9525
00 271.489 270.481 0.9402 0.9308
00 271.460 270.518 0.9604 0.9508
00 271.624 270.727 0.9721 0.9624
00 272.378 271.466 0.9660 0.9563
00 272.373 271.321 0.9430 0.9335
00 272.127 271.147 0.9574 0.9478
00 272.719 271.773 0.9704 0.9607
00 273.021 272.070 0.9625 0.9529
00 272.979 271.912 0.9471 0.9376
00 273.319 272.283 0.9543 0.9448
00 273.273 272.270 0.9632 0.9536
00 273.338 272.371 0.9605 0.9509
00 273.402 272.337 0.9476 0.9382
00 274.509 273.420 0.9565 0.9469
00 273.782 272.726 0.9562 0.9467
00 273.738 272.710 0.9599 0.9503
00 273.550 272.499 0.9514 0.9419
00 274.732 273.648 0.9559 0.9464
00 273.853 272.792 0.9461 0.9366
00 273.898 272.767 0.9460 0.9366
00 273.646 272.611 0.9548 0.9453
00 274.465 273.408 0.9581 0.9485
00 273.888 272.844 0.9461 0.9366
00 273.827 272.692 0.9362 0.9269
00 273.758 272.741 0.9592 0.9496
00 274.148 273.098 0.9588 0.9492
00 273.890 272.852 0.9486 0.9391
00 273.870 272.741 0.9374 0.9280
00 273.945 272.927 0.9572 0.9476
00 274.406 273.290 0.9563 0.9467
00 273.945 272.905 0.9511 0.9416
00 273.949 272.820 0.9384 0.9290
00 273.913 272.892 0.9558 0.9462
00 274.514 273.350 0.9530 0.9435
00 274.023 272.976 0.9501 0.9406
00 274.111 272.940 0.9353 0.9260
00 273.896 272.870 0.9550 0.9455
00 274.536 273.352 0.9493 0.9398
00 274.149 273.105 0.9441 0.9347
00 274.288 273.038 0.9256 0.9163
00 273.924 272.889 0.9553 0.9458
00 274.759 273.554 0.9455 0.9360
00 274.657 273.622 0.9444 0.9349
00 275.034 273.663 0.9111 0.9019
00 274.927 273.842 0.9570 0.9475
00 275.327 274.086 0.9457 0.9362
00 275.213 274.092 0.9457 0.9363
00 275.611 274.157 0.9005 0.8915
00 275.592 274.490 0.9606 0.9510
00 275.851 274.583 0.9450 0.9355
00 275.732 274.497 0.9394 0.9300
00 276.073 274.574 0.8907 0.8818
00 275.966 274.861 0.9625 0.9529
00 271.828 270.850 0.9429 0.9335
00 271.842 270.964 0.9855 0.9757
00 271.650 270.622 0.9476 0.9382
00 271.591 270.582 0.9692 0.9595
00 271.881 270.967 0.9841 0.9743
00 271.489 270.619 0.9841 0.9743
00 271.546 270.550 0.9510 0.9415
00 271.477 270.447 0.9583 0.9487
00 272.033 271.111 0.9813 0.9715
00 271.500 270.629 0.9823 0.9725
00 271.520 270.533 0.9554 0.9458
00 271.475 270.464 0.9491 0.9396
00 271.460 270.554 0.9777 0.9679
00 271.460 270.591 0.9805 0.9707
00 271.460 270.493 0.9617 0.9521
00 271.460 270.458 0.9431 0.9336
00 271.460 270.558 0.9750 0.9653
00 271.460 270.592 0.9791 0.9693
00 271.460 270.516 0.9639 0.9543
00 271.460 270.464 0.9420 0.9326
00 271.460 270.561 0.9726 0.9629
00 271.460 270.592 0.9777 0.9680
00 271.460 270.535 0.9627 0.9531
00 271.460 270.473 0.9411 0.9316
00 271.460 270.555 0.9684 0.9587
00 271.460 270.592 0.9763 0.9665
00 271.460 270.554 0.9610 0.9514
00 271.460 270.486 0.9378 0.9285
00 271.460 270.545 0.9628 0.9532
00 271.461 270.591 0.9744 0.9647
00 271.464 270.587 0.9623 0.9527
00 271.647 270.669 0.9341 0.9248
00 271.460 270.534 0.9567 0.9471
00 271.759 270.874 0.9731 0.9634
00 271.889 271.007 0.9636 0.9540
00 272.708 271.652 0.9336 0.9243
00 271.849 270.893 0.9523 0.9428
00 272.565 271.635 0.9715 0.9618
00 272.902 271.967 0.9630 0.9534
00 273.322 272.217 0.9329 0.9236
00 273.126 272.090 0.9502 0.9407
00 273.279 272.271 0.9622 0.9525
00 273.396 272.428 0.9610 0.9514
00 273.722 272.591 0.9353 0.9260
00 274.638 273.517 0.9496 0.9401
00 274.078 272.995 0.9531 0.9436
00 273.864 272.802 0.9541 0.9445
00 273.757 272.626 0.9390 0.9297
00 274.694 273.583 0.9506 0.9411
00 274.096 273.013 0.9466 0.9371
00 273.973 272.830 0.9404 0.9310
00 273.777 272.650 0.9424 0.9330
00 274.918 273.804 0.9537 0.9441
00 274.069 273.007 0.9476 0.9381
00 274.044 272.923 0.9402 0.9308
00 273.771 272.658 0.9452 0.9357
00 274.959 273.860 0.9552 0.9456
00 274.061 273.010 0.9501 0.9406
00 274.352 273.237 0.9452 0.9357
00 274.107 273.000 0.9459 0.9364
00 274.843 273.760 0.9562 0.9466
00 274.236 273.180 0.9508 0.9413
00 274.295 273.153 0.9438 0.9344
00 274.351 273.269 0.9495 0.9400
00 274.785 273.671 0.9530 0.9435
00 274.470 273.399 0.9476 0.9381
00 274.441 273.240 0.9366 0.9272
00 274.397 273.351 0.9540 0.9445
00 274.987 273.807 0.9532 0.9437
00 274.691 273.621 0.9443 0.9349
00 274.719 273.418 0.9237 0.9145
00 274.326 273.299 0.9539 0.9443
00 275.160 273.954 0.9512 0.9417
00 274.964 273.902 0.9479 0.9384
00 274.908 273.522 0.9074 0.8983
00 274.787 273.737 0.9555 0.9460
00 275.385 274.164 0.9484 0.9389
00 275.458 274.382 0.9497 0.9402
00 275.383 273.932 0.8944 0.8855
00 275.550 274.449 0.9546 0.9451
00 275.608 274.373 0.9463 0.9368
00 275.840 274.652 0.9439 0.9344
00 275.765 274.292 0.8842 0.8754
00 275.976 274.845 0.9538 0.9443
00 273.139 272.067 0.9420 0.9326
00 272.517 271.620 0.9850 0.9752
00 272.112 271.064 0.9473 0.9378
00 271.795 270.765 0.9583 0.9487
00 273.415 272.451 0.9789 0.9691
00 272.150 271.263 0.9821 0.9723
00 271.958 270.945 0.9518 0.9423
00 271.606 270.608 0.9518 0.9423
00 271.465 270.566 0.9766 0.9668
00 271.553 270.686 0.9804 0.9706
00 271.796 270.814 0.9570 0.9475
00 271.460 270.468 0.9477 0.9382
00 271.482 270.587 0.9740 0.9643
00 271.521 270.659 0.9791 0.9693
00 271.476 270.528 0.9589 0.9493
00 271.460 270.466 0.9470 0.9376
00 271.500 270.602 0.9695 0.9598
00 271.462 270.608 0.9782 0.9684
00 271.460 270.538 0.9600 0.9504
00 271.460 270.470 0.9434 0.9340
00 271.461 270.558 0.9634 0.9538
00 271.460 270.608 0.9770 0.9672
00 271.460 270.564 0.9606 0.9510
00 271.460 270.479 0.9372 0.9278
00 271.460 270.546 0.9581 0.9485
00 271.460 270.610 0.9755 0.9658
00 271.460 270.590 0.9623 0.9526
00 271.521 270.564 0.9303 0.9210
00 271.460 270.530 0.9544 0.9448
00 271.603 270.744 0.9741 0.9644
00 271.948 271.067 0.9634 0.9537
00 272.593 271.581 0.9260 0.9167
00 271.993 271.021 0.9509 0.9414
00 272.425 271.520 0.9733 0.9636
00 272.782 271.860 0.9636 0.9539
00 273.305 272.251 0.9234 0.9142
00 272.795 271.761 0.9474 0.9379
00 273.363 272.360 0.9607 0.9511
00 273.515 272.546 0.9625 0.9529
00 273.816 272.719 0.9251 0.9159
00 273.939 272.820 0.9442 0.9347
00 274.126 273.034 0.9531 0.9436
00 274.037 272.979 0.9558 0.9463
00 273.968 272.857 0.9242 0.9150
00 274.816 273.648 0.9420 0.9326
00 274.174 273.081 0.9470 0.9376
00 274.239 273.103 0.9453 0.9359
00 274.014 272.894 0.9268 0.9175
00 275.009 273.854 0.9469 0.9374
00 274.348 273.268 0.9489 0.9394
00 274.154 273.050 0.9460 0.9366
00 274.076 272.946 0.9313 0.9220
00 274.848 273.734 0.9500 0.9405
00 274.385 273.311 0.9501 0.9406
00 274.466 273.354 0.9486 0.9391
00 274.418 273.257 0.9350 0.9256
00 274.978 273.876 0.9523 0.9427
00 274.450 273.380 0.9493 0.9398
00 274.657 273.503 0.9459 0.9364
00 274.756 273.573 0.9360 0.9267
00 275.021 273.928 0.9538 0.9442
00 274.872 273.781 0.9476 0.9381
00 275.084 273.846 0.9402 0.9308
00 274.980 273.799 0.9406 0.9312
00 275.121 274.003 0.9537 0.9442
00 275.219 274.123 0.9493 0.9398
00 275.226 273.884 0.9260 0.9168
00 275.192 274.030 0.9442 0.9347
00 275.191 274.016 0.9513 0.9418
00 275.376 274.283 0.9489 0.9395
00 275.433 273.982 0.9071 0.8980
00 275.497 274.352 0.9480 0.9386
00 275.419 274.203 0.9489 0.9394
00 275.490 274.439 0.9514 0.9419
00 275.447 273.976 0.8907 0.8818
00 275.689 274.559 0.9500 0.9405
00 275.842 274.616 0.9483 0.9388
00 275.918 274.800 0.9482 0.9387
00 275.705 274.239 0.8801 0.8713
00 276.072 274.924 0.9497 0.9402
00 272.955 271.916 0.9440 0.9346
00 272.715 271.803 0.9854 0.9756
00 272.487 271.390 0.9458 0.9364
00 272.157 271.152 0.9688 0.9591
00 273.970 272.986 0.9816 0.9718
00 273.164 272.233 0.9833 0.9735
00 272.521 271.429 0.9485 0.9390
00 272.177 271.163 0.9622 0.9525
00 274.707 273.697 0.9758 0.9660
00 273.328 272.395 0.9797 0.9699
00 272.543 271.481 0.9519 0.9424
00 272.110 271.098 0.9566 0.9470
00 274.791 273.765 0.9748 0.9651
00 273.084 272.163 0.9793 0.9695
00 272.485 271.464 0.9564 0.9468
00 272.125 271.082 0.9521 0.9426
00 273.885 272.867 0.9679 0.9582
00 272.605 271.705 0.9789 0.9691
00 271.667 270.704 0.9570 0.9474
00 271.471 270.464 0.9509 0.9414
00 272.914 271.926 0.9638 0.9542
00 271.483 270.628 0.9778 0.9680
00 271.460 270.538 0.9595 0.9500
00 271.460 270.459 0.9458 0.9363
00 271.489 270.555 0.9602 0.9506
00 271.460 270.611 0.9768 0.9670
00 271.460 270.562 0.9613 0.9517
00 271.460 270.478 0.9394 0.9300
00 271.460 270.521 0.9574 0.9478
00 271.460 270.619 0.9758 0.9660
00 271.460 270.587 0.9624 0.9528
00 271.460 270.514 0.9295 0.9202
00 271.460 270.515 0.9545 0.9449
00 271.460 270.614 0.9736 0.9639
00 271.461 270.603 0.9634 0.9537
00 271.813 270.880 0.9230 0.9138
00 271.790 270.806 0.9506 0.9411
00 272.041 271.162 0.9711 0.9614
00 272.748 271.834 0.9641 0.9544
00 273.177 272.135 0.9245 0.9153
00 273.330 272.226 0.9466 0.9372
00 273.308 272.328 0.9613 0.9517
00 273.510 272.555 0.9637 0.9540
00 273.844 272.743 0.9270 0.9178
00 274.294 273.108 0.9433 0.9339
00 273.959 272.889 0.9546 0.9450
00 273.968 272.952 0.9597 0.9501
00 274.026 272.921 0.9245 0.9153
00 274.519 273.318 0.9395 0.9301
00 274.101 273.009 0.9476 0.9381
00 274.267 273.178 0.9523 0.9427
00 274.137 273.026 0.9243 0.9151
00 274.577 273.384 0.9378 0.9285
00 274.324 273.242 0.9498 0.9403
00 274.246 273.157 0.9507 0.9412
00 274.168 273.056 0.9246 0.9153
00 274.693 273.523 0.9388 0.9294
00 274.607 273.517 0.9497 0.9402
00 274.385 273.290 0.9519 0.9424
00 274.306 273.189 0.9254 0.9162
00 274.618 273.499 0.9425 0.9331
00 274.605 273.514 0.9468 0.9374
00 274.556 273.423 0.9492 0.9397
00 274.546 273.411 0.9269 0.9176
00 274.702 273.620 0.9472 0.9378
00 274.839 273.743 0.9463 0.9368
00 274.901 273.694 0.9402 0.9308
00 274.917 273.750 0.9304 0.9211
00 275.176 274.082 0.9523 0.9427
00 275.073 273.984 0.9476 0.9381
00 275.210 273.883 0.9284 0.9192
00 275.220 274.031 0.9320 0.9227
00 275.082 273.982 0.9517 0.9422
00 275.132 274.057 0.9473 0.9378
00 275.323 273.880 0.9071 0.8980
00 275.186 274.019 0.9354 0.9261
00 275.262 274.106 0.9492 0.9397
00 275.287 274.226 0.9480 0.9386
00 275.490 273.998 0.8882 0.8794
00 275.263 274.115 0.9388 0.9294
00 275.554 274.358 0.9473 0.9378
00 275.532 274.471 0.9492 0.9397
00 275.860 274.364 0.8779 0.8691
00 275.751 274.561 0.9394 0.9300
00 273.253 272.205 0.9449 0.9355
00 272.973 272.026 0.9836 0.9738
00 272.786 271.663 0.9449 0.9354
00 272.426 271.427 0.9730 0.9633
00 274.124 273.120 0.9805 0.9707
00 273.091 272.146 0.9776 0.9678
00 272.040 271.003 0.9544 0.9449
00 271.919 270.857 0.9547 0.9452
00 271.460 270.487 0.9599 0.9503
00 271.460 270.604 0.9804 0.9706
00 271.460 270.536 0.9603 0.9507
00 271.460 270.502 0.9429 0.9334
00 271.460 270.497 0.9542 0.9446
00 271.460 270.628 0.9787 0.9689
00 271.460 270.570 0.9620 0.9524
00 271.460 270.522 0.9300 0.9207
00 271.460 270.515 0.9502 0.9407
00 271.460 270.632 0.9755 0.9657
00 271.460 270.593 0.9637 0.9541
00 271.561 270.639 0.9214 0.9122
00 271.468 270.505 0.9466 0.9372
00 271.946 271.086 0.9708 0.9611
00 272.601 271.694 0.9652 0.9555
00 272.895 271.844 0.9237 0.9144
00 273.717 272.596 0.9456 0.9361
00 273.321 272.368 0.9634 0.9537
00 273.766 272.810 0.9641 0.9544
00 273.688 272.578 0.9232 0.9140
00 274.578 273.383 0.9433 0.9339
00 273.975 272.929 0.9567 0.9471
00 274.106 273.123 0.9636 0.9540
00 274.048 272.925 0.9210 0.9118
00 274.771 273.561 0.9412 0.9318
00 274.064 272.966 0.9475 0.9380
00 274.081 273.061 0.9595 0.9499
00 274.057 272.930 0.9203 0.9111
00 274.628 273.425 0.9397 0.9303
00 274.301 273.211 0.9505 0.9410
00 274.171 273.117 0.9560 0.9465
00 274.091 272.965 0.9259 0.9167
00 274.704 273.499 0.9369 0.9275
00 274.506 273.432 0.9523 0.9428
00 274.336 273.258 0.9553 0.9457
00 274.441 273.307 0.9274 0.9181
00 274.887 273.689 0.9353 0.9260
00 274.485 273.414 0.9501 0.9406
00 274.616 273.492 0.9516 0.9420
00 274.920 273.783 0.9293 0.9200
00 274.714 273.566 0.9380 0.9286
00 274.452 273.388 0.9493 0.9398
00 274.886 273.691 0.9424 0.9330
00 275.064 273.939 0.9310 0.9217
00 274.921 273.807 0.9435 0.9341
00 274.792 273.723 0.9454 0.9359
00 275.118 273.802 0.9297 0.9204
00 275.163 274.030 0.9340 0.9246
00 275.045 273.957 0.9481 0.9386
00 275.081 274.009 0.9475 0.9380
00 275.351 273.907 0.9080 0.8989
00 275.192 274.035 0.9328 0.9235
00 275.083 273.998 0.9491 0.9396
00 275.230 274.170 0.9479 0.9384
00 275.462 273.963 0.8871 0.8782
00 275.297 274.099 0.9304 0.9211
00 275.636 274.488 0.9480 0.9385
00 275.502 274.456 0.9496 0.9401
00 275.781 274.292 0.8772 0.8685
00 275.413 274.188 0.9302 0.9209
00 271.460 270.553 0.9429 0.9335
00 271.460 270.605 0.9735 0.9638
00 271.460 270.548 0.9610 0.9514
00 271.460 270.499 0.9274 0.9182
00 271.460 270.508 0.9481 0.9387
00 271.460 270.621 0.9685 0.9588
00 271.460 270.582 0.9629 0.9533
00 271.460 270.522 0.9198 0.9106
00 271.460 270.509 0.9437 0.9343
00 271.545 270.707 0.9641 0.9545
00 271.816 270.941 0.9638 0.9541
00 272.487 271.444 0.9254 0.9161
00 272.834 271.790 0.9430 0.9335
00 273.014 272.086 0.9592 0.9496
00 273.577 272.634 0.9659 0.9562
00 273.564 272.452 0.9210 0.9117
00 274.808 273.622 0.9406 0.9312
00 274.200 273.155 0.9529 0.9434
00 274.299 273.322 0.9642 0.9546
00 274.030 272.901 0.9199 0.9107
00 274.789 273.600 0.9408 0.9314
00 274.208 273.110 0.9486 0.9391
00 274.406 273.412 0.9627 0.9531
00 274.181 273.051 0.9184 0.9092
00 274.750 273.568 0.9419 0.9325
00 274.312 273.205 0.9506 0.9411
00 274.416 273.388 0.9601 0.9505
00 274.340 273.187 0.9201 0.9109
00 274.760 273.579 0.9398 0.9304
00 274.344 273.264 0.9522 0.9427
00 274.559 273.496 0.9572 0.9477
00 274.623 273.475 0.9254 0.9161
00 274.719 273.537 0.9382 0.9288
00 274.377 273.323 0.9521 0.9426
00 274.701 273.586 0.9525 0.9430
00 274.963 273.816 0.9301 0.9208
00 274.823 273.643 0.9377 0.9283
00 274.628 273.578 0.9493 0.9398
00 274.866 273.674 0.9428 0.9334
00 274.843 273.702 0.9270 0.9177
00 274.960 273.797 0.9411 0.9317
00 274.725 273.695 0.9477 0.9382
00 275.095 273.777 0.9293 0.9200
00 275.046 273.829 0.9249 0.9156
00 275.126 273.989 0.9416 0.9322
00 274.857 273.832 0.9501 0.9406
00 275.185 273.765 0.9086 0.8995
00 275.226 273.957 0.9201 0.9109
00 275.120 274.024 0.9443 0.9348
00 274.947 273.929 0.9497 0.9402
00 275.256 273.783 0.8868 0.8779
00 275.143 273.876 0.9181 0.9089
00 275.712 274.596 0.9470 0.9375
00 275.406 274.371 0.9486 0.9391
00 275.839 274.331 0.8763 0.8675
00 275.923 274.581 0.9177 0.9085
00 272.950 271.996 0.9449 0.9355
00 272.667 271.737 0.9688 0.9591
00 272.445 271.335 0.9204 0.9112
00 272.450 271.443 0.9767 0.9669
00 272.412 271.397 0.9216 0.9124
00 272.226 271.303 0.9605 0.9509
00 271.974 270.907 0.9187 0.9095
00 272.110 271.116 0.9727 0.9630
00 271.642 270.735 0.9186 0.9094
00 271.986 271.076 0.9548 0.9453
00 271.870 270.809 0.9190 0.9099
00 271.969 270.938 0.9639 0.9543
00 271.469 270.620 0.9245 0.9152
00 271.683 270.789 0.9485 0.9390
00 271.816 270.753 0.9207 0.9115
00 271.827 270.786 0.9556 0.9461
00 271.566 270.736 0.9377 0.9283
00 272.005 271.096 0.9424 0.9330
00 271.821 270.755 0.9252 0.9160
00 271.745 270.709 0.9497 0.9402
00 271.773 270.948 0.9520 0.9425
00 271.994 271.110 0.9509 0.9414
00 271.986 270.923 0.9302 0.9209
00 271.672 270.620 0.9397 0.9303
00 271.520 270.708 0.9577 0.9481
00 271.718 270.884 0.9673 0.9576
00 271.977 270.930 0.9326 0.9233
00 271.649 270.620 0.9356 0.9262
00 271.461 270.650 0.9624 0.9527
00 271.467 270.659 0.9681 0.9585
00 271.887 270.850 0.9343 0.9250
00 271.772 270.745 0.9304 0.9211
00 271.461 270.645 0.9662 0.9565
00 271.478 270.681 0.9652 0.9556
00 271.951 270.915 0.9364 0.9270
00 272.093 271.060 0.9240 0.9148
00 271.477 270.623 0.9525 0.9430
00 271.549 270.764 0.9670 0.9574
00 272.074 271.032 0.9386 0.9292
00 272.330 271.296 0.9174 0.9082
00 272.284 271.362 0.9325 0.9232
00 272.291 271.481 0.9702 0.9605
00 272.270 271.203 0.9401 0.9307
00 272.417 271.386 0.9155 0.9064
00 272.642 271.659 0.9001 0.8911
00 272.347 271.537 0.9697 0.9600
00 272.155 271.085 0.9399 0.9305
00 272.347 271.336 0.9093 0.9002
00 272.772 271.815 0.8777 0.8689
00 272.337 271.529 0.9693 0.9596
00 272.210 271.135 0.9389 0.9295
00 272.288 271.316 0.9078 0.8987
00 272.816 271.925 0.8684 0.8597
00 272.674 271.854 0.9672 0.9575
00 272.395 271.321 0.9388 0.9294
00 272.570 271.604 0.9083 0.8992
00 273.130 272.192 0.8575 0.8489
00 272.870 272.045 0.9644 0.9548
00 272.839 271.764 0.9398 0.9305
00 272.743 271.765 0.9012 0.8922
00 273.189 272.201 0.8459 0.8374
00 272.925 272.100 0.9655 0.9558
00 272.998 271.938 0.9387 0.9293
00 272.760 271.779 0.8908 0.8819
00 273.993 272.864 0.8399 0.8315
00 273.842 272.979 0.9666 0.9569
00 273.758 272.654 0.9393 0.9299
00 273.603 272.539 0.8773 0.8685
00 274.364 273.163 0.8296 0.8214
00 274.650 273.760 0.9677 0.9581
00 274.258 273.124 0.9374 0.9280
00 274.044 272.965 0.8625 0.8539
00 273.226 272.229 0.8233 0.8150
00 272.812 271.876 0.9720 0.9623
00 272.375 271.246 0.9165 0.9073
00 272.492 271.466 0.9725 0.9628
00 272.802 271.785 0.9195 0.9103
00 272.507 271.563 0.9634 0.9537
00 272.026 270.931 0.9137 0.9046
00 272.130 271.143 0.9719 0.9622
00 272.104 271.185 0.9206 0.9114
00 272.281 271.340 0.9589 0.9493
00 271.907 270.815 0.9138 0.9047
00 271.950 270.968 0.9704 0.9607
00 271.537 270.663 0.9202 0.9109
00 271.973 271.038 0.9523 0.9428
00 271.657 270.595 0.9131 0.9039
00 271.769 270.772 0.9657 0.9560
00 271.614 270.744 0.9293 0.9200
00 272.024 271.090 0.9485 0.9391
00 271.738 270.667 0.9132 0.9041
00 271.808 270.779 0.9575 0.9479
00 271.603 270.777 0.9428 0.9334
00 272.041 271.132 0.9441 0.9347
00 271.811 270.732 0.9139 0.9048
00 271.807 270.773 0.9505 0.9409
00 271.473 270.671 0.9534 0.9438
00 271.544 270.697 0.9474 0.9380
00 271.856 270.779 0.9157 0.9066
00 271.869 270.818 0.9427 0.9333
00 271.461 270.664 0.9582 0.9486
00 271.461 270.654 0.9632 0.9536
00 271.705 270.652 0.9197 0.9105
00 271.618 270.595 0.9393 0.9299
00 271.461 270.667 0.9652 0.9555
00 271.460 270.667 0.9673 0.9576
00 271.667 270.621 0.9237 0.9145
00 271.649 270.628 0.9357 0.9263
00 271.461 270.657 0.9635 0.9538
00 271.465 270.680 0.9663 0.9566
00 271.591 270.549 0.9278 0.9185
00 272.202 271.149 0.9300 0.9207
00 271.606 270.767 0.9441 0.9347
00 272.214 271.405 0.9676 0.9579
00 271.715 270.658 0.9325 0.9232
00 272.765 271.688 0.9259 0.9166
00 272.779 271.846 0.9227 0.9135
00 272.416 271.607 0.9659 0.9563
00 272.310 271.208 0.9361 0.9268
00 272.217 271.218 0.9182 0.9091
00 272.441 271.521 0.8944 0.8855
00 272.424 271.621 0.9662 0.9566
00 272.281 271.190 0.9369 0.9275
00 272.081 271.145 0.9123 0.9032
00 272.817 271.887 0.8742 0.8654
00 272.686 271.877 0.9662 0.9566
00 272.561 271.469 0.9377 0.9283
00 272.452 271.538 0.9103 0.9012
00 272.976 272.074 0.8649 0.8563
00 273.116 272.294 0.9633 0.9537
00 272.927 271.833 0.9346 0.9252
00 272.644 271.761 0.9071 0.8980
00 273.377 272.387 0.8488 0.8403
00 273.309 272.476 0.9654 0.9558
00 273.051 271.982 0.9338 0.9245
00 273.013 272.123 0.9058 0.8967
00 273.947 272.839 0.8390 0.8306
00 274.261 273.382 0.9653 0.9557
00 273.895 272.807 0.9353 0.9260
00 273.655 272.710 0.9066 0.8976
00 274.315 273.130 0.8294 0.8211
00 274.547 273.663 0.9631 0.9535
00 274.267 273.184 0.9369 0.9275
00 274.083 273.082 0.8995 0.8905
00 273.274 272.278 0.8239 0.8156
00 272.918 271.962 0.9709 0.9612
00 272.574 271.407 0.9157 0.9065
00 272.567 271.504 0.9677 0.9581
00 273.031 272.032 0.9220 0.9128
00 272.593 271.639 0.9660 0.9564
00 272.268 271.133 0.9091 0.9001
00 272.332 271.302 0.9661 0.9565
00 272.507 271.560 0.9216 0.9124
00 272.195 271.242 0.9605 0.9509
00 271.810 270.717 0.9077 0.8986
00 271.788 270.803 0.9669 0.9573
00 271.609 270.768 0.9215 0.9123
00 271.725 270.785 0.9563 0.9467
00 271.462 270.411 0.9060 0.8970
00 271.462 270.509 0.9698 0.9601
00 271.469 270.612 0.9237 0.9145
00 271.563 270.639 0.9511 0.9416
00 271.516 270.462 0.9054 0.8964
00 271.562 270.603 0.9699 0.9602
00 271.521 270.650 0.9326 0.9233
00 271.804 270.891 0.9465 0.9371
00 271.905 270.811 0.9061 0.8970
00 271.931 270.921 0.9634 0.9537
00 271.466 270.646 0.9457 0.9362
00 271.528 270.648 0.9391 0.9297
00 271.824 270.742 0.9059 0.8969
00 271.858 270.833 0.9551 0.9455
00 271.461 270.669 0.9542 0.9447
00 271.461 270.603 0.9407 0.9313
00 271.841 270.771 0.9054 0.8964
00 271.955 270.927 0.9499 0.9404
00 271.461 270.678 0.9604 0.9508
00 271.462 270.637 0.9523 0.9428
00 271.870 270.805 0.9057 0.8967
00 271.994 270.969 0.9464 0.9369
00 271.490 270.711 0.9651 0.9554
00 271.593 270.798 0.9635 0.9538
00 271.759 270.701 0.9083 0.8992
00 271.943 270.921 0.9432 0.9338
00 272.426 271.580 0.9597 0.9501
00 272.557 271.733 0.9667 0.9570
00 272.452 271.326 0.9136 0.9045
00 272.704 271.629 0.9394 0.9300
00 272.470 271.611 0.9397 0.9303
00 272.399 271.581 0.9652 0.9556
00 272.145 271.054 0.9188 0.9096
00 272.516 271.462 0.9359 0.9266
00 272.344 271.482 0.9184 0.9092
00 272.628 271.801 0.9625 0.9529
00 272.453 271.351 0.9243 0.9151
00 272.161 271.153 0.9303 0.9210
00 273.245 272.255 0.8874 0.8785
00 273.344 272.491 0.9618 0.9522
00 272.880 271.767 0.9294 0.9201
00 272.558 271.556 0.9284 0.9191
00 273.424 272.447 0.8699 0.8612
00 273.432 272.583 0.9633 0.9537
00 273.057 271.956 0.9319 0.9225
00 272.828 271.855 0.9233 0.9140
00 273.204 272.261 0.8621 0.8535
00 273.118 272.286 0.9612 0.9516
00 273.306 272.212 0.9331 0.9238
00 273.095 272.148 0.9183 0.9091
00 273.621 272.588 0.8488 0.8403
00 273.729 272.854 0.9638 0.9541
00 274.021 272.896 0.9334 0.9241
00 273.838 272.872 0.9136 0.9045
00 273.708 272.629 0.8338 0.8255
00 273.851 272.964 0.9630 0.9533
00 274.205 273.088 0.9336 0.9242
00 274.280 273.311 0.9091 0.9000
00 273.026 272.055 0.8239 0.8156
00 272.772 271.828 0.9756 0.9659
00 272.362 271.195 0.9081 0.8990
00 272.259 271.225 0.9701 0.9604
00 272.871 271.911 0.9246 0.9154
00 272.462 271.526 0.9732 0.9634
00 272.209 271.063 0.9043 0.8953
00 272.140 271.103 0.9665 0.9569
00 271.938 271.025 0.9173 0.9082
00 271.792 270.866 0.9662 0.9565
00 271.693 270.599 0.9010 0.8920
00 271.680 270.674 0.9647 0.9550
00 271.461 270.635 0.9231 0.9138
00 271.460 270.533 0.9592 0.9496
00 271.460 270.405 0.8972 0.8882
00 271.460 270.489 0.9656 0.9560
00 271.485 270.682 0.9275 0.9182
00 271.515 270.584 0.9515 0.9420
00 271.507 270.461 0.8951 0.8861
00 271.551 270.592 0.9675 0.9578
00 271.768 270.888 0.9273 0.9180
00 271.773 270.842 0.9433 0.9339
00 271.889 270.803 0.8952 0.8863
00 271.850 270.889 0.9701 0.9604
00 271.797 270.899 0.9347 0.9253
00 271.838 270.921 0.9329 0.9236
00 271.830 270.763 0.8949 0.8860
00 271.913 270.933 0.9674 0.9577
00 271.675 270.842 0.9467 0.9372
00 271.599 270.718 0.9298 0.9205
00 271.781 270.732 0.8946 0.8857
00 272.009 271.010 0.9622 0.9526
00 271.470 270.679 0.9543 0.9448
00 271.475 270.613 0.9321 0.9227
00 272.235 271.142 0.8951 0.8861
00 271.979 270.974 0.9575 0.9480
00 271.711 270.928 0.9607 0.9511
00 272.271 271.360 0.9426 0.9331
00 272.588 271.457 0.8984 0.8894
00 271.972 270.976 0.9540 0.9445
00 272.801 271.982 0.9664 0.9568
00 272.257 271.390 0.9556 0.9461
00 272.339 271.238 0.8974 0.8884
00 272.230 271.222 0.9521 0.9425
00 272.621 271.777 0.9529 0.9433
00 272.409 271.577 0.9639 0.9543
00 272.434 271.324 0.8999 0.8909
00 272.263 271.254 0.9486 0.9391
00 272.698 271.845 0.9336 0.9243
00 272.608 271.781 0.9644 0.9548
00 272.680 271.542 0.9041 0.8950
00 272.460 271.443 0.9471 0.9377
00 273.296 272.378 0.9134 0.9043
00 273.194 272.341 0.9611 0.9515
00 272.850 271.688 0.9054 0.8964
00 272.672 271.655 0.9438 0.9344
00 273.739 272.719 0.8868 0.8779
00 273.450 272.569 0.9605 0.9509
00 273.139 271.950 0.9086 0.8995
00 272.833 271.826 0.9423 0.9329
00 274.096 273.032 0.8707 0.8620
00 274.074 273.146 0.9585 0.9489
00 273.825 272.591 0.9139 0.9048
00 273.298 272.284 0.9382 0.9288
00 274.691 273.508 0.8575 0.8489
00 274.812 273.850 0.9601 0.9505
00 274.646 273.382 0.9185 0.9093
00 274.300 273.236 0.9376 0.9282
00 274.375 273.197 0.8431 0.8347
00 274.744 273.782 0.9610 0.9514
00 274.518 273.310 0.9233 0.9141
00 274.132 273.104 0.9324 0.9230
00 272.644 271.752 0.8274 0.8191
00 272.460 271.525 0.9798 0.9700
00 272.104 270.956 0.9080 0.8990
00 272.006 271.027 0.9749 0.9652
00 272.466 271.529 0.9300 0.9207
00 272.281 271.346 0.9775 0.9677
00 271.949 270.813 0.9006 0.8916
00 271.702 270.720 0.9720 0.9623
00 272.210 271.289 0.9248 0.9155
00 272.016 271.094 0.9723 0.9626
00 271.743 270.639 0.8947 0.8857
00 271.742 270.733 0.9682 0.9586
00 271.478 270.599 0.9192 0.9100
00 271.477 270.571 0.9679 0.9582
00 271.467 270.425 0.8879 0.8790
00 271.469 270.463 0.9660 0.9563
00 271.461 270.616 0.9237 0.9144
00 271.460 270.544 0.9616 0.9519
00 271.460 270.478 0.8807 0.8719
00 271.460 270.465 0.9633 0.9536
00 271.540 270.722 0.9333 0.9240
00 271.671 270.739 0.9529 0.9434
00 271.508 270.573 0.8775 0.8687
00 271.476 270.500 0.9615 0.9519
00 272.461 271.574 0.9349 0.9255
00 272.393 271.419 0.9424 0.9330
00 272.131 271.138 0.8768 0.8681
00 271.976 271.002 0.9647 0.9550
00 271.989 271.081 0.9278 0.9185
00 272.249 271.303 0.9314 0.9221
00 272.059 271.102 0.8733 0.8645
00 271.876 270.925 0.9678 0.9581
00 271.780 270.882 0.9328 0.9235
00 272.033 271.119 0.9310 0.9217
00 272.168 271.209 0.8707 0.8620
00 272.033 271.078 0.9684 0.9587
00 271.653 270.819 0.9463 0.9368
00 271.906 271.021 0.9304 0.9211
00 272.545 271.536 0.8724 0.8637
00 272.305 271.339 0.9700 0.9603
00 271.553 270.762 0.9534 0.9438
00 272.211 271.304 0.9281 0.9188
00 272.750 271.707 0.8727 0.8640
00 272.141 271.175 0.9649 0.9553
00 272.279 271.481 0.9625 0.9529
00 272.146 271.251 0.9321 0.9228
00 272.431 271.414 0.8764 0.8677
00 272.231 271.261 0.9622 0.9526
00 272.511 271.706 0.9644 0.9548
00 272.441 271.564 0.9485 0.9390
00 272.236 271.222 0.8767 0.8680
00 272.026 271.061 0.9588 0.9492
00 272.716 271.884 0.9489 0.9394
00 272.978 272.110 0.9597 0.9501
00 272.579 271.502 0.8831 0.8743
00 272.220 271.243 0.9558 0.9462
00 272.986 272.128 0.9320 0.9227
00 273.175 272.313 0.9612 0.9516
00 272.797 271.675 0.8866 0.8777
00 272.595 271.597 0.9539 0.9443
00 273.421 272.516 0.9149 0.9058
00 273.403 272.519 0.9618 0.9521
00 273.145 271.974 0.8889 0.8800
00 273.096 272.086 0.9520 0.9425
00 274.085 273.048 0.8851 0.8763
00 274.173 273.234 0.9595 0.9499
00 274.014 272.743 0.8933 0.8844
00 274.057 273.008 0.9517 0.9422
00 274.442 273.337 0.8693 0.8606
00 274.796 273.808 0.9587 0.9491
00 274.463 273.143 0.8936 0.8847
00 274.438 273.383 0.9500 0.9405
00 274.824 273.609 0.8531 0.8446
00 274.950 273.943 0.9583 0.9488
00 274.370 273.070 0.8955 0.8866
00 274.216 273.190 0.9498 0.9403
00 271.487 270.805 0.8341 0.8258
00 271.506 270.387 0.9089 0.8998
00 271.750 270.836 0.9778 0.9680
00 271.521 270.435 0.9001 0.8911
00 271.526 270.584 0.9735 0.9638
00 271.673 270.789 0.9268 0.9176
00 271.525 270.617 0.9742 0.9644
00 271.508 270.450 0.8916 0.8827
00 271.480 270.525 0.9715 0.9618
00 271.486 270.655 0.9288 0.9195
00 271.463 270.562 0.9706 0.9608
00 271.462 270.454 0.8819 0.8730
00 271.460 270.477 0.9673 0.9577
00 271.461 270.612 0.9255 0.9162
00 271.461 270.562 0.9665 0.9569
00 271.460 270.542 0.8711 0.8624
00 271.460 270.454 0.9639 0.9543
00 271.460 270.584 0.9225 0.9133
00 271.461 270.559 0.9612 0.9516
00 271.460 270.637 0.8619 0.8533
00 271.460 270.450 0.9612 0.9516
00 271.460 270.612 0.9269 0.9176
00 271.473 270.571 0.9527 0.9432
00 271.496 270.737 0.8563 0.8477
00 271.482 270.482 0.9574 0.9478
00 271.471 270.654 0.9349 0.9256
00 272.053 271.114 0.9383 0.9289
00 272.351 271.515 0.8551 0.8466
00 271.994 270.991 0.9545 0.9449
00 271.797 270.944 0.9333 0.9239
00 272.206 271.258 0.9301 0.9208
00 272.569 271.755 0.8493 0.8408
00 272.262 271.270 0.9573 0.9477
00 272.031 271.123 0.9262 0.9169
00 271.702 270.790 0.9282 0.9189
00 272.189 271.476 0.8477 0.8392
00 272.439 271.465 0.9648 0.9551
00 272.153 271.237 0.9320 0.9227
00 271.630 270.724 0.9250 0.9158
00 272.148 271.449 0.8470 0.8385
00 272.760 271.786 0.9671 0.9574
00 272.357 271.483 0.9468 0.9374
00 271.545 270.671 0.9242 0.9149
00 272.153 271.448 0.8470 0.8385
00 272.978 271.999 0.9672 0.9575
00 272.411 271.580 0.9549 0.9453
00 271.723 270.864 0.9251 0.9159
00 272.882 272.054 0.8449 0.8365
00 272.767 271.800 0.9667 0.9571
00 272.252 271.462 0.9645 0.9549
00 272.850 271.907 0.9298 0.9205
00 272.480 271.714 0.8452 0.8367
00 272.315 271.368 0.9672 0.9575
00 272.145 271.363 0.9660 0.9563
00 272.650 271.741 0.9416 0.9322
00 272.586 271.806 0.8454 0.8370
00 272.377 271.421 0.9649 0.9553
00 271.853 271.082 0.9447 0.9353
00 272.806 271.907 0.9514 0.9419
00 273.087 272.221 0.8448 0.8363
00 272.794 271.814 0.9611 0.9515
00 272.184 271.394 0.9316 0.9223
00 273.164 272.256 0.9562 0.9467
00 273.501 272.555 0.8464 0.8380
00 273.314 272.309 0.9576 0.9480
00 272.808 271.983 0.9118 0.9026
00 273.598 272.660 0.9573 0.9478
00 273.746 272.725 0.8500 0.8415
00 273.453 272.438 0.9568 0.9472
00 273.085 272.191 0.8845 0.8757
00 274.160 273.168 0.9554 0.9459
00 274.302 273.149 0.8518 0.8433
00 273.992 272.954 0.9564 0.9468
00 273.656 272.659 0.8686 0.8600
00 274.600 273.572 0.9534 0.9438
00 274.679 273.432 0.8552 0.8466
00 274.647 273.584 0.9539 0.9443
00 274.400 273.245 0.8526 0.8441
00 271.461 270.578 0.9825 0.9727
00 271.460 270.358 0.9104 0.9013
00 271.460 270.513 0.9698 0.9601
00 271.460 270.486 0.9214 0.9122
00 271.586 270.694 0.9809 0.9711
00 271.637 270.528 0.9017 0.8927
00 271.626 270.685 0.9706 0.9609
00 271.406 270.455 0.9193 0.9101
00 271.998 271.084 0.9775 0.9677
00 271.893 270.787 0.8923 0.8834
00 271.907 270.952 0.9708 0.9611
00 271.615 270.683 0.9209 0.9117
00 271.461 270.563 0.9727 0.9630
00 271.461 270.466 0.8814 0.8726
00 271.495 270.548 0.9697 0.9601
00 271.524 270.655 0.9241 0.9148
00 271.461 270.567 0.9678 0.9582
00 271.460 270.553 0.8689 0.8602
00 271.460 270.502 0.9677 0.9581
00 271.460 270.627 0.9302 0.9209
00 271.461 270.566 0.9622 0.9525
00 271.460 270.653 0.8550 0.8465
00 271.460 270.478 0.9629 0.9533
00 271.460 270.631 0.9323 0.9230
00 271.461 270.576 0.9582 0.9486
00 271.460 270.739 0.8456 0.8372
00 271.460 270.469 0.9575 0.9479
00 271.460 270.624 0.9316 0.9223
00 271.466 270.584 0.9501 0.9406
00 271.510 270.828 0.8415 0.8331
00 271.476 270.484 0.9502 0.9407
00 271.472 270.634 0.9315 0.9222
00 271.644 270.742 0.9356 0.9262
00 271.888 271.179 0.8394 0.8310
00 271.700 270.711 0.9474 0.9379
00 271.750 270.888 0.9294 0.9201
00 272.007 271.069 0.9292 0.9199
00 272.337 271.582 0.8398 0.8314
00 271.952 270.973 0.9496 0.9401
00 272.016 271.127 0.9274 0.9181
00 272.164 271.200 0.9272 0.9179
00 272.433 271.676 0.8382 0.8298
00 272.307 271.322 0.9511 0.9416
00 272.297 271.362 0.9241 0.9149
00 272.095 271.152 0.9287 0.9194
00 272.615 271.836 0.8376 0.8292
00 272.717 271.721 0.9548 0.9453
00 272.430 271.485 0.9325 0.9231
00 272.459 271.512 0.9333 0.9240
00 272.449 271.712 0.8383 0.8299
00 272.845 271.857 0.9588 0.9492
00 272.445 271.568 0.9439 0.9344
00 273.020 272.082 0.9366 0.9272
00 272.636 271.883 0.8376 0.8293
00 272.543 271.585 0.9642 0.9546
00 272.604 271.765 0.9539 0.9444
00 273.052 272.140 0.9368 0.9274
00 272.467 271.761 0.8366 0.8282
00 272.777 271.813 0.9641 0.9545
00 272.692 271.881 0.9642 0.9545
00 272.801 271.903 0.9338 0.9245
00 272.500 271.812 0.8355 0.8271
00 272.786 271.822 0.9638 0.9542
00 272.505 271.698 0.9589 0.9493
00 272.709 271.795 0.9316 0.9222
00 272.837 272.112 0.8344 0.8261
00 273.268 272.284 0.9610 0.9514
00 272.925 272.075 0.9390 0.9296
00 273.324 272.350 0.9330 0.9237
00 273.621 272.775 0.8366 0.8283
00 273.691 272.683 0.9650 0.9554
00 273.000 272.149 0.9253 0.9161
00 273.426 272.450 0.9408 0.9314
00 273.712 272.855 0.8368 0.8284
00 273.541 272.542 0.9623 0.9527
00 273.222 272.363 0.9064 0.8973
00 273.471 272.482 0.9439 0.9345
00 273.979 273.060 0.8348 0.8264
00 273.727 272.721 0.9625 0.9529
00 274.017 273.011 0.8855 0.8767
00 274.396 273.360 0.9468 0.9373
00 274.347 273.360 0.8372 0.8289
00 274.333 273.303 0.9587 0.9491
00 274.663 273.517 0.8674 0.8588
00 271.493 270.621 0.9808 0.9709
00 271.480 270.413 0.8978 0.8888
00 271.493 270.578 0.9689 0.9593
00 271.469 270.480 0.9235 0.9143
00 272.383 271.478 0.9781 0.9683
00 272.283 271.169 0.8846 0.8757
00 271.992 271.044 0.9682 0.9585
00 271.762 270.765 0.9222 0.9130
00 272.255 271.336 0.9724 0.9627
00 271.995 270.991 0.8704 0.8617
00 271.969 271.008 0.9657 0.9561
00 271.687 270.737 0.9211 0.9119
00 271.491 270.600 0.9634 0.9538
00 271.469 270.642 0.8599 0.8513
00 271.480 270.529 0.9631 0.9534
00 271.479 270.594 0.9225 0.9133
00 271.461 270.579 0.9581 0.9485
00 271.460 270.712 0.8480 0.8395
00 271.460 270.506 0.9609 0.9513
00 271.460 270.615 0.9273 0.9180
00 271.461 270.592 0.9544 0.9448
00 271.460 270.784 0.8402 0.8318
00 271.460 270.511 0.9582 0.9486
00 271.460 270.626 0.9315 0.9222
00 271.461 270.599 0.9469 0.9374
00 271.486 270.836 0.8360 0.8277
00 271.464 270.523 0.9550 0.9454
00 271.462 270.625 0.9330 0.9237
00 271.483 270.603 0.9328 0.9234
00 271.688 271.028 0.8346 0.8263
00 271.505 270.575 0.9531 0.9435
00 271.486 270.649 0.9309 0.9216
00 271.730 270.809 0.9291 0.9198
00 271.994 271.301 0.8338 0.8255
00 271.838 270.895 0.9528 0.9433
00 271.876 271.003 0.9275 0.9182
00 272.379 271.398 0.9324 0.9231
00 272.166 271.451 0.8341 0.8258
00 272.201 271.233 0.9534 0.9439
00 272.348 271.417 0.9254 0.9161
00 272.585 271.592 0.9322 0.9229
00 272.300 271.573 0.8373 0.8289
00 272.655 271.664 0.9547 0.9451
00 272.543 271.564 0.9239 0.9146
00 272.529 271.547 0.9316 0.9222
00 272.435 271.692 0.8370 0.8286
00 272.675 271.691 0.9535 0.9439
00 272.697 271.708 0.9300 0.9207
00 272.853 271.887 0.9341 0.9247
00 272.745 271.955 0.8343 0.8260
00 272.675 271.700 0.9532 0.9436
00 272.774 271.856 0.9415 0.9321
00 273.117 272.161 0.9384 0.9290
00 272.793 272.036 0.8349 0.8265
00 272.721 271.754 0.9550 0.9455
00 272.686 271.834 0.9556 0.9460
00 273.495 272.552 0.9464 0.9369
00 273.157 272.377 0.8334 0.8251
00 273.141 272.158 0.9579 0.9483
00 272.944 272.115 0.9612 0.9516
00 273.687 272.760 0.9530 0.9435
00 273.311 272.532 0.8329 0.8246
00 273.461 272.471 0.9595 0.9500
00 273.221 272.371 0.9467 0.9373
00 273.783 272.850 0.9464 0.9370
00 273.781 272.925 0.8330 0.8246
00 273.730 272.732 0.9631 0.9535
00 273.315 272.442 0.9343 0.9250
00 273.898 272.931 0.9391 0.9297
00 274.216 273.287 0.8332 0.8248
00 274.054 273.046 0.9617 0.9521
00 273.532 272.642 0.9240 0.9148
00 274.152 273.133 0.9380 0.9286
00 274.514 273.578 0.8345 0.8262
00 274.236 273.227 0.9616 0.9519
00 273.786 272.882 0.9054 0.8964
00 274.576 273.474 0.9360 0.9266
00 274.563 273.663 0.8358 0.8274
00 274.429 273.419 0.9604 0.9508
00 274.296 273.264 0.8848 0.8759
00 271.461 270.612 0.9846 0.9748
00 271.460 270.385 0.9087 0.8997
00 271.460 270.512 0.9639 0.9543
00 271.460 270.437 0.9323 0.9229
00 271.461 270.613 0.9819 0.9721
00 271.460 270.415 0.8955 0.8865
00 271.460 270.523 0.9644 0.9547
00 271.460 270.449 0.9309 0.9216
00 271.544 270.687 0.9744 0.9647
00 271.506 270.547 0.8753 0.8665
00 271.577 270.620 0.9615 0.9519
00 271.526 270.517 0.9291 0.9198
00 272.722 271.788 0.9643 0.9547
00 272.462 271.477 0.8628 0.8542
00 272.188 271.200 0.9596 0.9500
00 271.964 270.921 0.9271 0.9179
00 271.921 271.012 0.9560 0.9464
00 271.745 270.946 0.8542 0.8456
00 271.794 270.831 0.9586 0.9490
00 271.688 270.698 0.9235 0.9143
00 271.567 270.682 0.9528 0.9432
00 271.461 270.744 0.8470 0.8385
00 271.504 270.575 0.9597 0.9501
00 271.682 270.741 0.9227 0.9135
00 271.461 270.597 0.9505 0.9410
00 271.460 270.816 0.8441 0.8357
00 271.460 270.547 0.9599 0.9503
00 271.460 270.601 0.9272 0.9179
00 271.461 270.608 0.9419 0.9324
00 271.460 270.857 0.8495 0.8410
00 271.460 270.561 0.9596 0.9500
00 271.460 270.631 0.9334 0.9240
00 271.461 270.592 0.9321 0.9228
00 271.460 270.895 0.8558 0.8472
00 271.460 270.571 0.9575 0.9480
00 271.460 270.628 0.9341 0.9248
00 271.463 270.569 0.9329 0.9236
00 271.740 271.152 0.8558 0.8473
00 271.839 270.934 0.9542 0.9447
00 271.596 270.750 0.9270 0.9177
00 271.893 270.965 0.9376 0.9282
00 272.195 271.548 0.8548 0.8463
00 272.043 271.127 0.9514 0.9419
00 272.048 271.143 0.9221 0.9128
00 272.679 271.691 0.9361 0.9267
00 272.112 271.478 0.8513 0.8428
00 272.386 271.447 0.9530 0.9435
00 272.229 271.276 0.9202 0.9110
00 272.854 271.836 0.9300 0.9207
00 272.488 271.785 0.8442 0.8358
00 272.594 271.639 0.9521 0.9426
00 272.474 271.464 0.9253 0.9160
00 272.938 271.912 0.9274 0.9181
00 273.054 272.257 0.8386 0.8302
00 272.756 271.796 0.9525 0.9430
00 272.585 271.564 0.9326 0.9233
00 273.148 272.123 0.9302 0.9209
00 273.176 272.359 0.8322 0.8239
00 272.843 271.879 0.9517 0.9422
00 272.831 271.875 0.9456 0.9362
00 273.644 272.619 0.9405 0.9311
00 273.469 272.614 0.8333 0.8250
00 273.365 272.381 0.9495 0.9400
00 273.278 272.391 0.9549 0.9453
00 273.904 272.913 0.9516 0.9420
00 273.832 272.950 0.8329 0.8245
00 273.712 272.716 0.9532 0.9437
00 273.621 272.752 0.9558 0.9462
00 274.017 273.058 0.9548 0.9452
00 273.732 272.945 0.8332 0.8248
00 273.895 272.899 0.9509 0.9414
00 273.822 272.924 0.9411 0.9317
00 273.901 272.915 0.9495 0.9400
00 273.710 273.053 0.8373 0.8289
00 273.841 272.860 0.9491 0.9396
00 273.461 272.578 0.9307 0.9214
00 274.241 273.129 0.9384 0.9290
00 273.972 273.370 0.8424 0.8340
00 274.147 273.155 0.9495 0.9400
00 273.831 272.919 0.9174 0.9082
00 274.668 273.491 0.9303 0.9210
00 274.632 273.927 0.8464 0.8379
00 274.456 273.456 0.9507 0.9412
00 274.098 273.159 0.9027 0.8937
00 271.461 270.635 0.9861 0.9762
00 271.460 270.409 0.9105 0.9014
00 271.460 270.443 0.9563 0.9467
00 271.460 270.439 0.9394 0.9301
00 271.557 270.670 0.9657 0.9561
00 271.530 270.699 0.8586 0.8500
00 271.824 270.761 0.9396 0.9302
00 271.688 270.646 0.9369 0.9275
00 271.461 270.579 0.9435 0.9341
00 271.460 270.819 0.8449 0.8365
00 271.460 270.495 0.9454 0.9360
00 271.460 270.492 0.9252 0.9159
00 271.461 270.611 0.9385 0.9291
00 271.460 270.897 0.8392 0.8308
00 271.460 270.539 0.9463 0.9368
00 271.460 270.543 0.9227 0.9135
00 271.461 270.578 0.9349 0.9256
00 271.460 270.981 0.8502 0.8417
00 271.460 270.555 0.9481 0.9386
00 271.460 270.608 0.9334 0.9241
00 271.461 270.549 0.9396 0.9302
00 271.461 270.975 0.8568 0.8482
00 271.726 270.827 0.9487 0.9392
00 271.484 270.653 0.9357 0.9263
00 271.607 270.695 0.9477 0.9382
00 272.213 271.608 0.8556 0.8470
00 271.996 271.104 0.9482 0.9387
00 271.911 271.034 0.9300 0.9207
00 272.952 271.973 0.9517 0.9421
00 272.057 271.462 0.8484 0.8399
00 272.056 271.171 0.9479 0.9384
00 272.310 271.378 0.9312 0.9219
00 272.891 271.885 0.9417 0.9323
00 272.488 271.822 0.8374 0.8290
00 272.522 271.611 0.9489 0.9395
00 272.503 271.511 0.9298 0.9205
00 273.055 272.007 0.9291 0.9198
00 273.011 272.267 0.8271 0.8188
00 272.781 271.854 0.9491 0.9396
00 272.696 271.635 0.9336 0.9243
00 273.203 272.146 0.9248 0.9155
00 273.102 272.357 0.8229 0.8146
00 273.004 272.062 0.9475 0.9380
00 273.075 271.995 0.9410 0.9316
00 273.654 272.576 0.9258 0.9165
00 273.561 272.757 0.8293 0.8210
00 273.312 272.355 0.9488 0.9393
00 273.350 272.343 0.9465 0.9370
00 273.951 272.867 0.9306 0.9213
00 273.543 272.788 0.8306 0.8223
00 273.564 272.592 0.9507 0.9412
00 273.269 272.378 0.9497 0.9402
00 274.030 273.010 0.9429 0.9335
00 273.806 273.132 0.8335 0.8251
00 273.784 272.805 0.9486 0.9391
00 273.312 272.449 0.9421 0.9327
00 274.174 273.166 0.9470 0.9375
00 273.812 273.293 0.8418 0.8333
00 274.117 273.128 0.9472 0.9377
00 273.772 272.878 0.9351 0.9258
00 274.357 273.282 0.9403 0.9309
00 273.926 273.437 0.8485 0.8400
00 274.140 273.159 0.9457 0.9363
00 273.859 272.948 0.9256 0.9164
00 274.828 273.657 0.9276 0.9184
00 274.460 273.828 0.8511 0.8426
00 274.408 273.414 0.9431 0.9337
00 274.067 273.129 0.9128 0.9037
00 271.461 270.569 0.9394 0.9300
00 271.460 270.979 0.8290 0.8207
00 271.460 270.541 0.9324 0.9231
00 271.460 270.436 0.9229 0.9137
00 271.461 270.539 0.9457 0.9362
00 271.460 271.078 0.8341 0.8257
00 271.460 270.562 0.9351 0.9258
00 271.460 270.471 0.9193 0.9101
00 271.461 270.540 0.9485 0.9391
00 271.460 271.050 0.8398 0.8314
00 271.734 270.851 0.9399 0.9305
00 271.464 270.552 0.9262 0.9169
00 272.029 271.094 0.9525 0.9430
00 271.910 271.408 0.8339 0.8256
00 272.177 271.286 0.9424 0.9330
00 272.079 271.182 0.9378 0.9284
00 272.981 272.009 0.9549 0.9453
00 272.360 271.769 0.8234 0.8152
00 272.363 271.470 0.9465 0.9371
00 272.261 271.351 0.9409 0.9315
00 273.020 272.026 0.9510 0.9415
00 272.807 272.115 0.8102 0.8021
00 272.622 271.724 0.9458 0.9363
00 272.469 271.528 0.9418 0.9323
00 273.227 272.176 0.9371 0.9278
00 273.235 272.491 0.8096 0.8015
00 273.066 272.150 0.9453 0.9359
00 272.998 272.009 0.9461 0.9367
00 273.573 272.491 0.9264 0.9172
00 273.596 272.833 0.8179 0.8097
00 273.357 272.431 0.9449 0.9355
00 273.249 272.223 0.9499 0.9404
00 273.810 272.716 0.9235 0.9143
00 273.702 272.972 0.8213 0.8131
00 273.410 272.481 0.9461 0.9366
00 273.372 272.335 0.9481 0.9387
00 273.873 272.776 0.9234 0.9142
00 273.530 272.880 0.8266 0.8183
00 273.455 272.521 0.9467 0.9372
00 273.431 272.447 0.9450 0.9355
00 273.842 272.761 0.9283 0.9190
00 273.599 273.046 0.8300 0.8217
00 273.640 272.695 0.9485 0.9390
00 274.023 273.083 0.9415 0.9321
00 274.375 273.264 0.9291 0.9198
00 274.031 273.545 0.8419 0.8335
00 274.236 273.253 0.9456 0.9361
00 274.461 273.502 0.9348 0.9254
00 274.575 273.466 0.9294 0.9201
00 274.230 273.760 0.8533 0.8448
00 274.518 273.512 0.9436 0.9341
00 274.311 273.353 0.9284 0.9192
00 274.778 273.660 0.9271 0.9179
00 274.441 273.897 0.8552 0.8466
00 274.446 273.439 0.9419 0.9324
00 274.370 273.394 0.9214 0.9122
