00 272.120 271.178 0.9589 0.9493
00 272.555 271.692 0.9788 0.9690
00 272.920 271.942 0.9676 0.9579
00 273.125 272.210 0.9698 0.9601
00 271.476 270.566 0.9527 0.9432
00 271.601 270.752 0.9691 0.9594
00 271.643 270.720 0.9627 0.9530
00 272.502 271.626 0.9672 0.9575
00 271.461 270.568 0.9492 0.9397
00 271.460 270.571 0.9527 0.9431
00 271.460 270.537 0.9569 0.9474
00 271.703 270.857 0.9611 0.9515
00 271.461 270.598 0.9444 0.9350
00 271.460 270.554 0.9478 0.9384
00 271.460 270.538 0.9525 0.9430
00 271.465 270.613 0.9603 0.9507
00 271.461 270.619 0.9425 0.9331
00 271.460 270.521 0.9434 0.9340
00 271.462 270.521 0.9473 0.9378
00 271.500 270.640 0.9593 0.9497
00 271.461 270.626 0.9469 0.9374
00 271.460 270.491 0.9462 0.9367
00 271.461 270.442 0.9359 0.9265
00 272.006 271.127 0.9595 0.9499
00 271.461 270.637 0.9528 0.9433
00 271.460 270.401 0.9377 0.9283
00 271.460 270.399 0.9225 0.9132
00 271.632 270.784 0.9606 0.9510
00 271.461 270.645 0.9578 0.9482
00 271.460 270.319 0.9197 0.9105
00 271.460 270.472 0.9117 0.9026
00 271.461 270.636 0.9606 0.9510
00 271.461 270.644 0.9615 0.9519
00 271.460 270.279 0.8989 0.8899
00 271.460 270.528 0.8987 0.8897
00 271.460 270.644 0.9615 0.9518
00 271.461 270.638 0.9640 0.9543
00 271.460 270.311 0.8829 0.8741
00 271.460 270.585 0.8902 0.8813
00 271.460 270.648 0.9632 0.9536
00 271.461 270.625 0.9639 0.9543
00 271.460 270.418 0.8640 0.8554
00 271.460 270.643 0.8898 0.8809
00 271.460 270.649 0.9640 0.9544
00 271.461 270.612 0.9624 0.9527
00 271.460 270.650 0.8425 0.8341
00 271.460 270.699 0.8844 0.8755
00 271.493 270.689 0.9641 0.9544
00 271.461 270.600 0.9596 0.9500
00 271.460 271.062 0.8265 0.8183
00 271.552 270.838 0.8737 0.8649
00 271.809 270.995 0.9628 0.9532
00 271.463 270.590 0.9558 0.9462
00 271.631 271.573 0.8140 0.8058
00 272.490 271.659 0.8702 0.8615
00 272.111 271.285 0.9582 0.9486
00 271.993 271.081 0.9527 0.9431
00 272.701 272.708 0.8017 0.7937
00 272.624 271.732 0.8730 0.8643
00 272.776 271.920 0.9523 0.9428
00 272.421 271.476 0.9519 0.9424
00 272.605 272.832 0.7982 0.7902
00 273.008 272.029 0.8802 0.8714
00 272.774 271.927 0.9468 0.9374
00 272.570 271.612 0.9490 0.9395
00 272.949 273.238 0.7956 0.7877
00 273.430 272.368 0.8819 0.8731
00 273.105 272.245 0.9448 0.9354
00 272.904 271.924 0.9465 0.9371
00 273.323 273.625 0.7981 0.7902
00 273.735 272.689 0.8927 0.8837
00 273.673 272.783 0.9430 0.9336
00 272.906 271.915 0.9640 0.9543
00 273.169 272.286 0.9755 0.9658
00 272.902 271.920 0.9657 0.9561
00 273.321 272.379 0.9650 0.9554
00 271.478 270.547 0.9573 0.9477
00 271.864 271.029 0.9762 0.9664
00 272.365 271.400 0.9645 0.9549
00 273.104 272.185 0.9656 0.9559
00 271.461 270.533 0.9521 0.9426
00 271.460 270.627 0.9654 0.9557
00 271.640 270.712 0.9583 0.9487
00 272.321 271.441 0.9646 0.9550
00 271.461 270.551 0.9469 0.9374
00 271.460 270.590 0.9529 0.9434
00 271.460 270.516 0.9534 0.9438
00 271.557 270.707 0.9621 0.9525
00 271.461 270.574 0.9425 0.9330
00 271.460 270.564 0.9477 0.9383
00 271.461 270.475 0.9452 0.9358
00 271.668 270.804 0.9586 0.9490
00 271.461 270.597 0.9409 0.9315
00 271.460 270.526 0.9455 0.9360
00 271.474 270.409 0.9328 0.9234
00 271.603 270.748 0.9586 0.9490
00 271.461 270.605 0.9427 0.9333
00 271.460 270.479 0.9466 0.9371
00 271.461 270.392 0.9190 0.9098
00 271.465 270.622 0.9596 0.9500
00 271.461 270.609 0.9450 0.9355
00 271.460 270.390 0.9373 0.9279
00 271.460 270.461 0.9037 0.8946
00 271.460 270.628 0.9598 0.9502
00 271.461 270.616 0.9470 0.9375
00 271.460 270.320 0.9191 0.9099
00 271.460 270.515 0.8904 0.8815
00 271.460 270.634 0.9595 0.9499
00 271.461 270.625 0.9489 0.9394
00 271.460 270.290 0.9013 0.8923
00 271.460 270.564 0.8874 0.8785
00 271.460 270.639 0.9605 0.9509
00 271.461 270.627 0.9496 0.9401
00 271.460 270.314 0.8850 0.8761
00 271.460 270.634 0.8879 0.8791
00 271.462 270.643 0.9621 0.9525
00 271.461 270.628 0.9495 0.9400
00 271.460 270.401 0.8669 0.8582
00 271.461 270.702 0.8833 0.8744
00 271.659 270.837 0.9626 0.9529
00 271.461 270.627 0.9490 0.9395
00 271.462 270.622 0.8508 0.8423
00 271.790 271.043 0.8748 0.8661
00 272.596 271.738 0.9638 0.9542
00 271.517 270.678 0.9484 0.9390
00 271.998 271.406 0.8366 0.8282
00 272.765 271.926 0.8705 0.8618
00 272.496 271.649 0.9627 0.9530
00 272.414 271.517 0.9492 0.9397
00 272.544 272.156 0.8183 0.8101
00 272.665 271.834 0.8715 0.8628
00 273.136 272.267 0.9572 0.9476
00 272.643 271.731 0.9472 0.9377
00 272.694 272.557 0.8053 0.7973
00 272.977 272.079 0.8813 0.8725
00 273.411 272.543 0.9523 0.9427
00 273.141 272.197 0.9453 0.9358
00 273.388 273.336 0.7997 0.7917
00 273.556 272.540 0.8917 0.8828
00 273.769 272.876 0.9486 0.9391
00 273.454 272.492 0.9429 0.9334
00 273.666 273.741 0.7961 0.7881
00 273.734 272.679 0.9008 0.8918
00 274.023 273.119 0.9451 0.9356
00 273.208 272.160 0.9610 0.9514
00 273.348 272.461 0.9755 0.9658
00 273.584 272.570 0.9655 0.9558
00 273.539 272.588 0.9705 0.9608
00 273.021 271.974 0.9586 0.9490
00 272.841 271.974 0.9743 0.9646
00 273.527 272.528 0.9657 0.9561
00 273.112 272.188 0.9668 0.9572
00 271.558 270.590 0.9536 0.9440
00 271.869 271.040 0.9722 0.9625
00 272.148 271.185 0.9594 0.9498
00 272.560 271.665 0.9656 0.9559
00 271.461 270.508 0.9454 0.9359
00 271.460 270.634 0.9663 0.9566
00 271.462 270.483 0.9518 0.9423
00 271.701 270.844 0.9630 0.9533
00 271.461 270.536 0.9398 0.9304
00 271.460 270.603 0.9561 0.9466
00 271.461 270.449 0.9461 0.9366
00 271.483 270.636 0.9593 0.9497
00 271.461 270.563 0.9377 0.9283
00 271.460 270.569 0.9488 0.9393
00 271.461 270.373 0.9335 0.9241
00 271.588 270.743 0.9597 0.9501
00 271.461 270.577 0.9375 0.9281
00 271.460 270.528 0.9467 0.9372
00 271.460 270.390 0.9193 0.9101
00 271.480 270.643 0.9610 0.9514
00 271.461 270.581 0.9393 0.9299
00 271.460 270.471 0.9456 0.9361
00 271.460 270.459 0.9022 0.8932
00 271.462 270.627 0.9615 0.9518
00 271.461 270.588 0.9407 0.9313
00 271.460 270.400 0.9385 0.9291
00 271.460 270.512 0.8898 0.8810
00 271.460 270.632 0.9611 0.9514
00 271.461 270.596 0.9419 0.9325
00 271.460 270.324 0.9220 0.9128
00 271.460 270.537 0.8874 0.8785
00 271.460 270.633 0.9603 0.9507
00 271.461 270.601 0.9421 0.9327
00 271.460 270.293 0.9056 0.8966
00 271.460 270.607 0.8867 0.8778
00 271.578 270.750 0.9611 0.9515
00 271.461 270.599 0.9409 0.9315
00 271.460 270.308 0.8909 0.8820
00 271.502 270.732 0.8843 0.8755
00 272.342 271.482 0.9640 0.9544
00 271.461 270.596 0.9390 0.9296
00 271.461 270.366 0.8758 0.8670
00 272.240 271.435 0.8805 0.8717
00 272.506 271.644 0.9640 0.9543
00 271.619 270.743 0.9370 0.9276
00 271.880 270.894 0.8629 0.8543
00 272.984 272.115 0.8710 0.8623
00 273.164 272.277 0.9631 0.9534
00 272.667 271.720 0.9367 0.9273
00 273.100 272.148 0.8487 0.8402
00 273.079 272.215 0.8709 0.8622
00 273.398 272.509 0.9605 0.9509
00 272.946 271.986 0.9346 0.9253
00 273.006 272.311 0.8281 0.8198
00 272.967 272.126 0.8827 0.8739
00 273.192 272.330 0.9549 0.9454
00 272.942 271.987 0.9329 0.9235
00 272.946 272.525 0.8168 0.8086
00 273.148 272.261 0.8962 0.8873
00 273.293 272.441 0.9533 0.9438
00 272.970 272.019 0.9316 0.9223
00 273.175 272.954 0.8092 0.8011
00 273.665 272.680 0.9057 0.8966
00 273.565 272.708 0.9527 0.9431
00 273.321 272.209 0.9551 0.9456
00 273.301 272.419 0.9753 0.9656
00 273.614 272.611 0.9687 0.9590
00 273.324 272.390 0.9711 0.9614
00 273.086 271.983 0.9535 0.9440
00 273.149 272.276 0.9740 0.9643
00 273.371 272.373 0.9639 0.9543
00 273.157 272.234 0.9691 0.9594
00 271.947 270.918 0.9525 0.9430
00 271.985 271.158 0.9723 0.9626
00 271.925 270.955 0.9593 0.9497
00 272.044 271.170 0.9657 0.9561
00 271.461 270.464 0.9453 0.9358
00 271.460 270.651 0.9724 0.9626
00 271.460 270.476 0.9538 0.9442
00 271.460 270.612 0.9619 0.9523
00 271.461 270.479 0.9386 0.9292
00 271.460 270.646 0.9696 0.9599
00 271.460 270.439 0.9483 0.9388
00 271.529 270.687 0.9615 0.9519
00 271.461 270.500 0.9354 0.9261
00 271.460 270.623 0.9615 0.9518
00 271.466 270.369 0.9364 0.9270
00 271.844 271.002 0.9614 0.9518
00 271.461 270.512 0.9348 0.9255
00 271.460 270.589 0.9534 0.9439
00 271.476 270.394 0.9230 0.9137
00 271.812 270.970 0.9634 0.9537
00 271.461 270.523 0.9332 0.9238
00 271.460 270.535 0.9476 0.9381
00 271.474 270.453 0.9063 0.8972
00 271.902 271.048 0.9635 0.9539
00 271.461 270.545 0.9311 0.9218
00 271.460 270.477 0.9450 0.9356
00 271.460 270.495 0.8927 0.8838
00 271.480 270.652 0.9628 0.9531
00 271.461 270.558 0.9294 0.9201
00 271.460 270.409 0.9404 0.9310
00 271.460 270.523 0.8889 0.8800
00 271.475 270.645 0.9612 0.9516
00 271.461 270.567 0.9288 0.9195
00 271.460 270.341 0.9277 0.9184
00 271.480 270.576 0.8866 0.8777
00 271.782 270.941 0.9611 0.9514
00 271.461 270.576 0.9287 0.9194
00 271.460 270.303 0.9128 0.9037
00 271.499 270.690 0.8847 0.8758
00 272.446 271.575 0.9628 0.9532
00 271.461 270.581 0.9283 0.9190
00 271.463 270.299 0.8983 0.8893
00 272.056 271.258 0.8800 0.8712
00 272.442 271.574 0.9625 0.9529
00 271.739 270.838 0.9273 0.9181
00 272.259 271.037 0.8867 0.8779
00 272.781 271.933 0.8742 0.8655
00 272.971 272.081 0.9614 0.9518
00 272.817 271.824 0.9270 0.9177
00 272.961 271.744 0.8761 0.8673
00 272.990 272.132 0.8697 0.8610
00 273.524 272.617 0.9624 0.9527
00 272.939 271.936 0.9254 0.9161
00 273.188 272.068 0.8623 0.8536
00 273.229 272.367 0.8755 0.8668
00 273.857 272.947 0.9601 0.9505
00 273.252 272.230 0.9253 0.9161
00 273.328 272.360 0.8460 0.8376
00 273.335 272.463 0.8901 0.8812
00 274.297 273.381 0.9568 0.9472
00 273.540 272.502 0.9247 0.9154
00 273.684 272.865 0.8376 0.8293
00 274.020 273.060 0.9018 0.8928
00 274.504 273.591 0.9541 0.9445
00 273.172 272.016 0.9443 0.9349
00 273.062 272.176 0.9797 0.9699
00 273.069 272.112 0.9678 0.9582
00 272.865 271.968 0.9766 0.9668
00 273.110 271.966 0.9457 0.9362
00 272.919 272.046 0.9781 0.9683
00 273.377 272.398 0.9665 0.9568
00 272.769 271.882 0.9751 0.9653
00 272.492 271.381 0.9461 0.9366
00 272.260 271.415 0.9781 0.9683
00 272.462 271.503 0.9667 0.9571
00 272.322 271.452 0.9736 0.9639
00 271.534 270.500 0.9458 0.9363
00 271.546 270.735 0.9730 0.9633
00 271.465 270.522 0.9601 0.9505
00 271.491 270.650 0.9648 0.9552
00 271.461 270.435 0.9461 0.9367
00 271.460 270.655 0.9718 0.9621
00 271.460 270.481 0.9564 0.9468
00 271.460 270.624 0.9617 0.9521
00 271.461 270.436 0.9437 0.9342
00 271.460 270.657 0.9726 0.9629
00 271.471 270.448 0.9513 0.9418
00 271.609 270.781 0.9641 0.9545
00 271.461 270.440 0.9438 0.9343
00 271.462 270.658 0.9726 0.9629
00 271.567 270.469 0.9415 0.9320
00 272.417 271.565 0.9645 0.9549
00 271.461 270.449 0.9460 0.9366
00 271.460 270.645 0.9682 0.9585
00 271.526 270.424 0.9300 0.9207
00 271.835 271.009 0.9657 0.9560
00 271.461 270.462 0.9425 0.9330
00 271.460 270.617 0.9599 0.9503
00 271.487 270.433 0.9152 0.9061
00 271.663 270.839 0.9648 0.9551
00 271.461 270.484 0.9356 0.9263
00 271.460 270.565 0.9522 0.9427
00 271.460 270.457 0.8996 0.8906
00 271.472 270.657 0.9629 0.9533
00 271.461 270.510 0.9331 0.9237
00 271.460 270.499 0.9469 0.9374
00 271.460 270.506 0.8912 0.8823
00 271.460 270.643 0.9625 0.9529
00 271.461 270.522 0.9333 0.9240
00 271.460 270.431 0.9421 0.9327
00 271.460 270.530 0.8868 0.8779
00 271.473 270.654 0.9628 0.9531
00 271.461 270.533 0.9353 0.9260
00 271.460 270.371 0.9336 0.9243
00 271.609 270.714 0.8840 0.8752
00 272.240 271.385 0.9652 0.9555
00 271.461 270.537 0.9380 0.9286
00 271.469 270.333 0.9219 0.9127
00 272.264 271.369 0.8809 0.8721
00 272.730 271.852 0.9628 0.9531
00 271.583 270.649 0.9407 0.9313
00 272.593 271.319 0.9096 0.9005
00 272.616 271.755 0.8767 0.8680
00 272.818 271.931 0.9616 0.9519
00 272.871 271.852 0.9442 0.9348
00 273.010 271.691 0.8989 0.8899
00 272.875 272.024 0.8708 0.8621
00 273.062 272.164 0.9604 0.9508
00 273.555 272.503 0.9476 0.9381
00 273.621 272.266 0.8884 0.8795
00 273.842 272.880 0.8716 0.8629
00 274.025 273.088 0.9599 0.9503
00 273.763 272.729 0.9549 0.9454
00 273.964 272.619 0.8775 0.8687
00 274.135 273.160 0.8800 0.8712
00 274.258 273.326 0.9589 0.9493
00 274.126 273.096 0.9565 0.9470
00 274.334 273.048 0.8667 0.8581
00 274.375 273.409 0.8932 0.8842
00 274.513 273.580 0.9561 0.9465
00 271.579 270.545 0.9490 0.9395
00 271.597 270.719 0.9788 0.9691
00 271.714 270.789 0.9635 0.9538
00 271.812 270.763 0.9408 0.9314
00 271.780 270.916 0.9789 0.9691
00 271.628 270.750 0.9701 0.9604
00 271.635 270.791 0.9765 0.9668
00 271.535 270.519 0.9402 0.9308
00 271.583 270.740 0.9789 0.9691
00 271.548 270.664 0.9670 0.9574
00 271.467 270.635 0.9737 0.9639
00 271.462 270.442 0.9431 0.9337
00 271.463 270.636 0.9789 0.9691
00 271.463 270.578 0.9655 0.9558
00 271.461 270.630 0.9671 0.9574
00 271.460 270.442 0.9486 0.9391
00 271.460 270.644 0.9784 0.9686
00 271.460 270.550 0.9633 0.9537
00 271.461 270.631 0.9633 0.9537
00 271.460 270.448 0.9512 0.9417
00 271.460 270.651 0.9766 0.9668
00 271.460 270.508 0.9601 0.9505
00 271.461 270.637 0.9633 0.9536
00 271.460 270.447 0.9517 0.9422
00 271.468 270.665 0.9737 0.9640
00 271.543 270.539 0.9559 0.9464
00 271.461 270.646 0.9678 0.9581
00 271.464 270.456 0.9509 0.9413
00 271.605 270.800 0.9727 0.9630
00 272.110 271.006 0.9494 0.9399
00 271.461 270.663 0.9668 0.9572
00 271.463 270.462 0.9525 0.9430
00 271.594 270.790 0.9729 0.9632
00 272.030 270.883 0.9387 0.9294
00 271.461 270.666 0.9667 0.9570
00 271.460 270.470 0.9542 0.9447
00 271.509 270.702 0.9716 0.9619
00 271.633 270.535 0.9265 0.9173
00 271.461 270.668 0.9661 0.9565
00 271.462 270.492 0.9538 0.9443
00 271.490 270.671 0.9676 0.9579
00 271.561 270.500 0.9122 0.9030
00 271.463 270.667 0.9629 0.9533
00 271.468 270.521 0.9517 0.9421
00 271.473 270.621 0.9615 0.9519
00 271.533 270.531 0.8997 0.8907
00 271.461 270.660 0.9628 0.9532
00 271.463 270.544 0.9514 0.9419
00 271.485 270.577 0.9540 0.9445
00 271.670 270.694 0.8916 0.8827
00 271.461 270.659 0.9636 0.9540
00 271.460 270.568 0.9514 0.9419
00 271.472 270.495 0.9475 0.9380
00 271.699 270.748 0.8858 0.8770
00 271.461 270.660 0.9639 0.9543
00 271.460 270.589 0.9521 0.9426
00 271.978 270.899 0.9409 0.9315
00 272.084 271.128 0.8812 0.8724
00 271.608 270.804 0.9647 0.9551
00 271.927 271.049 0.9528 0.9433
00 272.559 271.378 0.9353 0.9259
00 272.798 271.836 0.8778 0.8690
00 272.787 271.934 0.9656 0.9560
00 272.820 271.903 0.9531 0.9436
00 272.660 271.421 0.9245 0.9153
00 273.043 272.135 0.8733 0.8646
00 272.946 272.084 0.9644 0.9548
00 273.170 272.232 0.9526 0.9431
00 272.709 271.443 0.9133 0.9041
00 273.130 272.237 0.8680 0.8593
00 273.514 272.621 0.9638 0.9542
00 273.568 272.596 0.9518 0.9423
00 273.235 271.914 0.9011 0.8921
00 273.783 272.802 0.8697 0.8610
00 274.450 273.502 0.9595 0.9499
00 274.787 273.730 0.9502 0.9407
00 274.088 272.682 0.8926 0.8837
00 274.297 273.294 0.8778 0.8690
00 271.461 270.666 0.9580 0.9484
00 271.460 270.434 0.9541 0.9445
00 271.460 270.598 0.9816 0.9718
00 271.460 270.566 0.9710 0.9612
00 271.714 270.855 0.9776 0.9679
00 271.635 270.609 0.9528 0.9433
00 271.555 270.701 0.9804 0.9706
00 271.510 270.612 0.9635 0.9539
00 272.112 271.242 0.9752 0.9655
00 271.920 270.903 0.9478 0.9384
00 271.599 270.753 0.9792 0.9694
00 271.497 270.612 0.9658 0.9561
00 271.462 270.624 0.9725 0.9628
00 271.461 270.480 0.9412 0.9318
00 271.460 270.628 0.9784 0.9686
00 271.460 270.565 0.9632 0.9536
00 271.461 270.627 0.9683 0.9586
00 271.460 270.492 0.9506 0.9411
00 271.460 270.635 0.9782 0.9684
00 271.460 270.580 0.9632 0.9535
00 271.461 270.636 0.9643 0.9546
00 271.460 270.504 0.9530 0.9435
00 271.460 270.641 0.9781 0.9683
00 271.460 270.583 0.9648 0.9551
00 271.461 270.637 0.9633 0.9537
00 271.460 270.514 0.9529 0.9434
00 271.460 270.647 0.9781 0.9684
00 271.460 270.549 0.9639 0.9543
00 271.461 270.643 0.9661 0.9564
00 271.460 270.526 0.9515 0.9420
00 271.460 270.654 0.9779 0.9681
00 271.465 270.516 0.9620 0.9524
00 271.461 270.651 0.9691 0.9594
00 271.460 270.539 0.9456 0.9361
00 271.483 270.680 0.9766 0.9668
00 271.655 270.645 0.9588 0.9492
00 271.461 270.665 0.9669 0.9572
00 271.462 270.558 0.9431 0.9337
00 271.668 270.863 0.9744 0.9646
00 272.021 270.927 0.9515 0.9420
00 271.461 270.672 0.9649 0.9552
00 271.474 270.580 0.9466 0.9372
00 271.833 271.023 0.9730 0.9633
00 272.311 271.164 0.9401 0.9307
00 271.461 270.668 0.9640 0.9544
00 271.466 270.587 0.9485 0.9391
00 271.929 271.112 0.9722 0.9625
00 272.422 271.251 0.9264 0.9172
00 271.469 270.672 0.9627 0.9531
00 271.577 270.710 0.9472 0.9377
00 272.371 271.527 0.9724 0.9627
00 272.831 271.636 0.9154 0.9063
00 271.915 271.094 0.9622 0.9525
00 272.642 271.716 0.9472 0.9377
00 272.746 271.861 0.9679 0.9582
00 272.963 271.802 0.9044 0.8954
00 271.840 271.020 0.9619 0.9523
00 272.288 271.390 0.9492 0.9397
00 272.094 271.201 0.9617 0.9521
00 272.927 271.801 0.8948 0.8858
00 271.539 270.739 0.9628 0.9532
00 271.699 270.835 0.9494 0.9399
00 272.563 271.595 0.9567 0.9471
00 272.843 271.756 0.8874 0.8785
00 272.459 271.623 0.9649 0.9553
00 272.913 271.970 0.9505 0.9409
00 272.722 271.686 0.9505 0.9410
00 273.258 272.178 0.8816 0.8728
00 272.821 271.970 0.9640 0.9543
00 273.428 272.456 0.9478 0.9383
00 272.927 271.813 0.9447 0.9352
00 273.244 272.247 0.8762 0.8675
00 272.925 272.071 0.9644 0.9548
00 273.230 272.277 0.9483 0.9388
00 272.955 271.778 0.9367 0.9273
00 273.077 272.153 0.8701 0.8614
00 273.010 272.156 0.9654 0.9557
00 273.355 272.403 0.9479 0.9384
00 273.057 271.827 0.9266 0.9174
00 273.919 272.890 0.8675 0.8589
00 273.804 272.918 0.9658 0.9562
00 273.834 272.855 0.9505 0.9409
00 273.697 272.380 0.9149 0.9058
00 274.184 273.120 0.8652 0.8565
00 271.476 270.691 0.9634 0.9537
00 271.467 270.481 0.9491 0.9396
00 271.460 270.621 0.9808 0.9709
00 271.464 270.587 0.9651 0.9554
00 272.271 271.394 0.9748 0.9650
00 272.030 271.035 0.9482 0.9388
00 271.554 270.729 0.9799 0.9701
00 271.802 270.906 0.9628 0.9531
00 271.502 270.664 0.9698 0.9601
00 271.524 270.575 0.9467 0.9372
00 271.473 270.666 0.9790 0.9692
00 271.840 270.948 0.9636 0.9539
00 271.461 270.634 0.9648 0.9552
00 271.460 270.535 0.9502 0.9407
00 271.460 270.665 0.9788 0.9690
00 271.472 270.596 0.9620 0.9524
00 271.461 270.646 0.9632 0.9536
00 271.460 270.543 0.9507 0.9412
00 271.460 270.671 0.9789 0.9691
00 271.460 270.602 0.9648 0.9551
00 271.461 270.642 0.9661 0.9564
00 271.460 270.534 0.9464 0.9369
00 271.460 270.673 0.9789 0.9691
00 271.460 270.589 0.9661 0.9564
00 271.461 270.644 0.9692 0.9595
00 271.460 270.514 0.9425 0.9331
00 271.460 270.673 0.9788 0.9690
00 271.462 270.559 0.9657 0.9561
00 271.461 270.651 0.9688 0.9591
00 271.460 270.502 0.9393 0.9299
00 271.470 270.680 0.9784 0.9686
00 271.516 270.576 0.9657 0.9561
00 271.461 270.658 0.9661 0.9564
00 271.460 270.492 0.9363 0.9270
00 271.603 270.807 0.9772 0.9675
00 271.683 270.683 0.9611 0.9515
00 271.461 270.653 0.9633 0.9537
00 271.460 270.498 0.9368 0.9274
00 271.670 270.869 0.9754 0.9656
00 271.889 270.837 0.9557 0.9461
00 271.461 270.642 0.9617 0.9521
00 271.470 270.533 0.9410 0.9315
00 271.796 270.990 0.9726 0.9628
00 272.034 270.931 0.9452 0.9357
00 271.487 270.666 0.9614 0.9518
00 271.757 270.832 0.9455 0.9361
00 272.732 271.888 0.9714 0.9617
00 272.552 271.362 0.9318 0.9225
00 271.944 271.101 0.9630 0.9534
00 272.658 271.693 0.9462 0.9367
00 272.938 272.076 0.9702 0.9605
00 272.734 271.551 0.9200 0.9108
00 272.111 271.274 0.9635 0.9539
00 272.509 271.556 0.9424 0.9330
00 272.919 272.040 0.9701 0.9604
00 273.040 271.872 0.9082 0.8991
00 272.603 271.755 0.9637 0.9541
00 272.833 271.866 0.9403 0.9309
00 272.882 271.986 0.9673 0.9576
00 273.272 272.113 0.8959 0.8870
00 272.663 271.817 0.9634 0.9538
00 273.107 272.158 0.9457 0.9362
00 272.887 271.964 0.9632 0.9536
00 273.341 272.211 0.8901 0.8812
00 273.020 272.164 0.9640 0.9543
00 273.575 272.615 0.9510 0.9415
00 273.336 272.348 0.9555 0.9460
00 273.673 272.567 0.8847 0.8759
00 273.429 272.564 0.9653 0.9557
00 273.874 272.914 0.9543 0.9447
00 273.656 272.601 0.9539 0.9444
00 273.765 272.706 0.8803 0.8715
00 273.524 272.657 0.9676 0.9579
00 273.650 272.705 0.9562 0.9467
00 273.645 272.542 0.9492 0.9397
00 273.941 272.882 0.8757 0.8669
00 273.987 273.096 0.9661 0.9564
00 273.853 272.896 0.9537 0.9442
00 273.724 272.568 0.9442 0.9347
00 273.988 272.919 0.8668 0.8581
00 271.461 270.682 0.9647 0.9550
00 271.460 270.462 0.9546 0.9450
00 271.460 270.607 0.9819 0.9721
00 271.460 270.529 0.9668 0.9571
00 271.461 270.619 0.9760 0.9662
00 271.460 270.493 0.9504 0.9409
00 271.460 270.624 0.9814 0.9716
00 271.460 270.580 0.9640 0.9544
00 271.462 270.632 0.9730 0.9633
00 271.461 270.521 0.9508 0.9413
00 271.460 270.645 0.9810 0.9712
00 271.526 270.636 0.9613 0.9517
00 272.758 271.885 0.9697 0.9601
00 271.998 271.044 0.9513 0.9418
00 271.894 271.090 0.9803 0.9705
00 272.926 271.989 0.9635 0.9538
00 271.716 270.890 0.9641 0.9545
00 271.527 270.589 0.9439 0.9344
00 271.513 270.737 0.9790 0.9692
00 271.817 270.946 0.9646 0.9550
00 271.461 270.640 0.9624 0.9528
00 271.460 270.502 0.9352 0.9258
00 271.460 270.698 0.9787 0.9689
00 271.474 270.622 0.9645 0.9549
00 271.461 270.626 0.9700 0.9603
00 271.460 270.481 0.9291 0.9198
00 271.460 270.702 0.9788 0.9691
00 271.460 270.603 0.9640 0.9544
00 271.461 270.636 0.9691 0.9594
00 271.460 270.475 0.9244 0.9152
00 271.460 270.703 0.9795 0.9697
00 271.460 270.578 0.9633 0.9537
00 271.461 270.647 0.9676 0.9579
00 271.460 270.501 0.9208 0.9116
00 271.460 270.700 0.9794 0.9696
00 271.460 270.551 0.9640 0.9544
00 271.461 270.643 0.9647 0.9551
00 271.460 270.506 0.9207 0.9115
00 271.460 270.696 0.9786 0.9688
00 271.460 270.526 0.9665 0.9568
00 271.461 270.630 0.9624 0.9528
00 271.460 270.537 0.9352 0.9259
00 271.464 270.694 0.9771 0.9673
00 271.539 270.575 0.9630 0.9534
00 271.461 270.619 0.9620 0.9524
00 271.460 270.583 0.9382 0.9288
00 271.844 271.053 0.9745 0.9647
00 272.035 271.031 0.9614 0.9518
00 271.476 270.635 0.9615 0.9519
00 271.535 270.670 0.9327 0.9234
00 272.797 271.962 0.9717 0.9620
00 272.542 271.479 0.9575 0.9479
00 272.163 271.304 0.9606 0.9510
00 272.542 271.621 0.9339 0.9246
00 273.251 272.389 0.9687 0.9590
00 272.865 271.716 0.9405 0.9311
00 272.672 271.797 0.9607 0.9511
00 272.609 271.700 0.9393 0.9299
00 273.117 272.245 0.9685 0.9589
00 273.257 272.047 0.9247 0.9154
00 272.879 271.993 0.9596 0.9500
00 273.167 272.233 0.9472 0.9377
00 273.147 272.262 0.9684 0.9587
00 273.623 272.393 0.9117 0.9026
00 273.055 272.155 0.9587 0.9491
00 272.989 272.071 0.9527 0.9432
00 273.335 272.433 0.9668 0.9571
00 273.826 272.605 0.9024 0.8934
00 273.206 272.301 0.9562 0.9467
00 273.020 272.110 0.9568 0.9473
00 273.439 272.517 0.9672 0.9576
00 273.747 272.573 0.8938 0.8849
00 273.359 272.455 0.9605 0.9509
00 273.396 272.456 0.9497 0.9402
00 273.401 272.462 0.9647 0.9550
00 273.633 272.561 0.8883 0.8795
00 273.345 272.462 0.9643 0.9546
00 273.747 272.786 0.9493 0.9398
00 273.563 272.591 0.9631 0.9535
00 273.836 272.764 0.8832 0.8743
00 273.566 272.694 0.9693 0.9596
00 273.850 272.879 0.9476 0.9381
00 273.940 272.917 0.9589 0.9493
00 274.278 273.137 0.8703 0.8616
00 271.461 270.687 0.9665 0.9568
00 271.460 270.466 0.9502 0.9407
00 271.460 270.598 0.9821 0.9723
00 271.460 270.456 0.9594 0.9498
00 271.462 270.624 0.9761 0.9664
00 271.460 270.531 0.9404 0.9310
00 271.460 270.648 0.9815 0.9717
00 271.524 270.616 0.9594 0.9498
00 271.461 270.613 0.9561 0.9465
00 271.460 270.518 0.9281 0.9189
00 271.460 270.687 0.9787 0.9689
00 271.460 270.603 0.9643 0.9546
00 271.461 270.637 0.9690 0.9594
00 271.460 270.512 0.9323 0.9229
00 271.460 270.711 0.9802 0.9704
00 271.460 270.607 0.9633 0.9536
00 271.461 270.630 0.9662 0.9566
00 271.460 270.516 0.9199 0.9107
00 271.460 270.705 0.9789 0.9691
00 271.460 270.576 0.9599 0.9503
00 271.461 270.613 0.9620 0.9524
00 271.460 270.514 0.9276 0.9183
00 271.460 270.700 0.9777 0.9680
00 271.460 270.554 0.9611 0.9515
00 271.461 270.602 0.9596 0.9500
00 271.464 270.554 0.9488 0.9393
00 271.495 270.728 0.9759 0.9662
00 271.861 270.930 0.9655 0.9558
00 271.470 270.608 0.9600 0.9504
00 271.501 270.649 0.9545 0.9449
00 271.861 271.075 0.9734 0.9636
00 272.734 271.748 0.9649 0.9553
00 271.540 270.685 0.9598 0.9502
00 271.854 270.996 0.9536 0.9441
00 272.947 272.112 0.9711 0.9614
00 272.964 271.964 0.9664 0.9567
00 272.404 271.521 0.9600 0.9504
00 272.616 271.718 0.9527 0.9432
00 273.227 272.371 0.9676 0.9579
00 273.238 272.223 0.9654 0.9558
00 272.760 271.866 0.9570 0.9474
00 272.704 271.797 0.9529 0.9434
00 273.132 272.263 0.9676 0.9579
00 273.133 272.053 0.9520 0.9425
00 272.741 271.847 0.9548 0.9453
00 273.000 272.075 0.9542 0.9446
00 273.189 272.309 0.9633 0.9536
00 273.519 272.314 0.9297 0.9204
00 273.049 272.136 0.9529 0.9434
00 273.157 272.231 0.9566 0.9471
00 273.335 272.443 0.9644 0.9547
00 273.868 272.607 0.9187 0.9095
00 273.194 272.272 0.9527 0.9432
00 273.065 272.132 0.9516 0.9421
00 273.764 272.849 0.9657 0.9561
00 274.189 272.903 0.9041 0.8951
00 273.099 272.183 0.9524 0.9428
00 273.579 272.608 0.9470 0.9376
00 274.006 273.069 0.9661 0.9564
00 274.209 272.970 0.8958 0.8869
00 273.368 272.441 0.9532 0.9436
00 273.896 272.892 0.9398 0.9304
00 273.971 273.022 0.9654 0.9557
00 274.015 272.841 0.8896 0.8807
00 273.670 272.746 0.9628 0.9532
00 274.056 273.052 0.9439 0.9344
00 274.233 273.262 0.9649 0.9552
00 274.472 273.265 0.8783 0.8695
00 271.461 270.663 0.9663 0.9566
00 271.460 270.499 0.9326 0.9233
00 271.460 270.707 0.9800 0.9702
00 271.460 270.603 0.9629 0.9533
00 271.461 270.607 0.9654 0.9557
00 271.460 270.510 0.9263 0.9171
00 271.460 270.695 0.9762 0.9665
00 271.460 270.611 0.9607 0.9510
00 271.461 270.589 0.9597 0.9501
00 271.460 270.518 0.9182 0.9090
00 271.461 270.685 0.9739 0.9642
00 271.460 270.588 0.9571 0.9476
00 271.465 270.589 0.9557 0.9461
00 271.561 270.611 0.9414 0.9319
00 272.082 271.276 0.9723 0.9626
00 272.034 271.113 0.9570 0.9474
00 271.547 270.673 0.9546 0.9450
00 272.141 271.211 0.9528 0.9433
00 272.791 271.949 0.9695 0.9598
00 272.725 271.768 0.9622 0.9525
00 271.667 270.802 0.9541 0.9445
00 272.536 271.616 0.9549 0.9453
00 273.047 272.182 0.9668 0.9572
00 272.781 271.815 0.9633 0.9536
00 272.216 271.332 0.9526 0.9431
00 272.739 271.799 0.9509 0.9414
00 273.136 272.259 0.9661 0.9565
00 273.007 272.032 0.9651 0.9555
00 272.511 271.603 0.9509 0.9414
00 272.797 271.865 0.9547 0.9452
00 273.191 272.311 0.9632 0.9536
00 273.246 272.274 0.9676 0.9579
00 272.743 271.802 0.9464 0.9370
00 272.911 271.988 0.9540 0.9445
00 273.166 272.286 0.9621 0.9525
00 273.423 272.409 0.9617 0.9521
00 273.014 272.045 0.9431 0.9337
00 273.094 272.158 0.9545 0.9450
00 273.131 272.247 0.9638 0.9541
00 273.813 272.617 0.9411 0.9317
00 273.282 272.295 0.9389 0.9295
00 273.267 272.316 0.9519 0.9424
00 273.463 272.553 0.9624 0.9528
00 273.648 272.405 0.9220 0.9128
00 273.614 272.612 0.9429 0.9335
00 273.720 272.728 0.9489 0.9395
00 273.749 272.817 0.9614 0.9518
00 274.142 272.851 0.9089 0.8998
00 273.714 272.729 0.9475 0.9380
00 274.091 273.066 0.9379 0.9285
00 274.046 273.097 0.9623 0.9526
00 274.285 273.012 0.9005 0.8915
00 273.910 272.940 0.9497 0.9402
00 274.155 273.133 0.9368 0.9274
00 274.413 273.446 0.9623 0.9527
00 274.520 273.250 0.8935 0.8845
00 271.485 270.672 0.9565 0.9469
00 273.625 272.616 0.9624 0.9528
00 273.772 272.628 0.9340 0.9247
00 273.951 272.719 0.9426 0.9332
00 271.463 270.514 0.9610 0.9514
00 271.956 271.047 0.9620 0.9524
00 272.482 271.434 0.9336 0.9242
00 272.778 271.637 0.9327 0.9234
00 271.461 270.535 0.9626 0.9530
00 271.670 270.781 0.9625 0.9529
00 272.798 271.738 0.9291 0.9198
00 272.552 271.440 0.9286 0.9193
00 271.460 270.549 0.9646 0.9549
00 271.460 270.595 0.9620 0.9524
00 272.026 270.996 0.9357 0.9264
00 271.839 270.794 0.9221 0.9129
00 271.460 270.558 0.9655 0.9558
00 271.460 270.601 0.9631 0.9534
00 271.460 270.438 0.9449 0.9355
00 271.460 270.456 0.9173 0.9081
00 271.462 270.566 0.9648 0.9552
00 271.460 270.603 0.9633 0.9536
00 271.460 270.460 0.9539 0.9443
00 271.469 270.465 0.9140 0.9048
00 271.519 270.624 0.9622 0.9525
00 271.465 270.607 0.9641 0.9545
00 271.731 270.794 0.9632 0.9535
00 272.364 271.269 0.9119 0.9028
00 271.647 270.751 0.9591 0.9496
00 271.484 270.620 0.9630 0.9533
00 272.152 271.230 0.9664 0.9567
00 272.667 271.541 0.9111 0.9020
00 272.300 271.379 0.9627 0.9531
00 271.683 270.797 0.9619 0.9522
00 272.215 271.272 0.9666 0.9569
00 272.527 271.420 0.9092 0.9001
00 272.651 271.732 0.9632 0.9536
00 272.266 271.274 0.9549 0.9453
00 272.520 271.559 0.9679 0.9582
00 272.763 271.635 0.9062 0.8972
00 272.916 272.005 0.9658 0.9561
00 272.478 271.394 0.9378 0.9284
00 273.042 272.037 0.9641 0.9545
00 273.090 271.929 0.9042 0.8951
00 272.913 272.007 0.9667 0.9570
00 272.750 271.633 0.9292 0.9199
00 273.408 272.365 0.9587 0.9491
00 273.274 272.094 0.9035 0.8945
00 273.049 272.138 0.9679 0.9582
00 273.118 271.961 0.9271 0.9178
00 273.482 272.434 0.9586 0.9490
00 273.414 272.221 0.9034 0.8944
00 273.344 272.424 0.9675 0.9578
00 273.579 272.376 0.9245 0.9153
00 273.610 272.563 0.9607 0.9511
00 273.819 272.584 0.9036 0.8945
00 273.180 272.266 0.9682 0.9585
00 273.529 272.330 0.9243 0.9150
00 273.532 272.505 0.9612 0.9516
00 274.019 272.758 0.9045 0.8955
00 273.151 272.233 0.9661 0.9564
00 273.567 272.362 0.9248 0.9156
00 273.741 272.723 0.9648 0.9551
00 274.308 273.011 0.9018 0.8928
00 273.963 273.000 0.9619 0.9523
00 274.024 272.772 0.9298 0.9205
00 274.584 273.552 0.9625 0.9529
00 274.878 273.516 0.8999 0.8909
00 274.635 273.620 0.9598 0.9502
00 274.475 273.178 0.9280 0.9187
00 274.821 273.790 0.9642 0.9545
00 275.167 273.772 0.9008 0.8918
00 273.005 272.043 0.9578 0.9482
00 274.185 273.145 0.9608 0.9512
00 274.417 273.232 0.9351 0.9257
00 274.390 273.127 0.9386 0.9293
00 272.752 271.722 0.9570 0.9474
00 273.794 272.807 0.9635 0.9539
00 274.410 273.200 0.9310 0.9217
00 274.275 273.009 0.9300 0.9207
00 271.974 271.014 0.9584 0.9488
00 273.268 272.311 0.9615 0.9518
00 273.974 272.823 0.9292 0.9199
00 273.829 272.603 0.9250 0.9158
00 271.460 270.544 0.9603 0.9507
00 272.234 271.323 0.9637 0.9541
00 272.342 271.293 0.9357 0.9264
00 272.041 270.978 0.9171 0.9079
00 271.460 270.555 0.9621 0.9525
00 271.460 270.595 0.9647 0.9550
00 271.460 270.446 0.9443 0.9348
00 271.460 270.458 0.9111 0.9019
00 271.460 270.559 0.9617 0.9521
00 271.460 270.598 0.9638 0.9542
00 271.460 270.464 0.9530 0.9435
00 271.460 270.464 0.9067 0.8977
00 271.686 270.771 0.9596 0.9500
00 271.574 270.703 0.9621 0.9525
00 271.747 270.813 0.9626 0.9530
00 272.144 271.090 0.9032 0.8941
00 272.363 271.409 0.9588 0.9492
00 272.312 271.408 0.9633 0.9537
00 272.625 271.682 0.9670 0.9574
00 272.987 271.862 0.9009 0.8919
00 272.802 271.818 0.9541 0.9446
00 272.812 271.886 0.9620 0.9524
00 273.073 272.094 0.9659 0.9563
00 273.391 272.245 0.8988 0.8898
00 273.091 272.090 0.9529 0.9434
00 273.207 272.255 0.9624 0.9528
00 273.188 272.202 0.9648 0.9552
00 273.417 272.290 0.8950 0.8860
00 272.935 271.951 0.9531 0.9436
00 273.100 272.111 0.9596 0.9500
00 273.255 272.241 0.9633 0.9537
00 273.529 272.396 0.8955 0.8865
00 272.757 271.789 0.9530 0.9435
00 272.992 271.921 0.9457 0.9363
00 273.428 272.392 0.9587 0.9491
00 273.485 272.360 0.8952 0.8862
00 272.917 271.953 0.9541 0.9446
00 273.204 272.061 0.9372 0.9278
00 273.503 272.470 0.9597 0.9501
00 273.698 272.539 0.8972 0.8882
00 273.152 272.190 0.9570 0.9474
00 273.570 272.366 0.9331 0.9238
00 273.660 272.631 0.9625 0.9529
00 274.032 272.814 0.8991 0.8901
00 273.570 272.602 0.9601 0.9505
00 273.897 272.652 0.9363 0.9269
00 273.883 272.834 0.9602 0.9506
00 274.546 273.236 0.8954 0.8864
00 274.463 273.471 0.9610 0.9514
00 274.226 272.952 0.9370 0.9276
00 274.467 273.366 0.9562 0.9467
00 275.047 273.655 0.8925 0.8836
00 274.636 273.660 0.9624 0.9528
00 274.111 272.846 0.9393 0.9299
00 274.973 273.850 0.9557 0.9461
00 274.982 273.600 0.8929 0.8840
00 274.542 273.586 0.9647 0.9551
00 274.215 272.957 0.9430 0.9335
00 275.207 274.088 0.9543 0.9447
00 275.008 273.631 0.8926 0.8837
00 273.712 272.800 0.9671 0.9574
00 274.471 273.422 0.9608 0.9512
00 274.603 273.403 0.9369 0.9275
00 274.760 273.460 0.9348 0.9254
00 273.474 272.395 0.9541 0.9445
00 274.501 273.464 0.9618 0.9522
00 274.945 273.688 0.9290 0.9197
00 275.153 273.807 0.9278 0.9185
00 272.093 271.113 0.9523 0.9428
00 273.043 272.076 0.9628 0.9532
00 273.545 272.421 0.9307 0.9214
00 273.890 272.652 0.9222 0.9130
00 271.460 270.540 0.9531 0.9436
00 271.464 270.570 0.9626 0.9530
00 271.484 270.497 0.9365 0.9271
00 271.762 270.729 0.9116 0.9024
00 271.460 270.548 0.9550 0.9455
00 271.460 270.585 0.9665 0.9569
00 271.460 270.454 0.9441 0.9347
00 271.460 270.469 0.9048 0.8957
00 271.460 270.552 0.9567 0.9471
00 271.460 270.585 0.9671 0.9574
00 271.460 270.474 0.9530 0.9435
00 271.460 270.501 0.9001 0.8911
00 271.774 270.860 0.9583 0.9487
00 271.469 270.598 0.9656 0.9559
00 271.606 270.693 0.9629 0.9533
00 271.882 270.928 0.8968 0.8878
00 272.496 271.549 0.9605 0.9509
00 272.395 271.485 0.9642 0.9546
00 272.564 271.627 0.9669 0.9572
00 273.023 271.979 0.8950 0.8860
00 273.034 272.053 0.9564 0.9468
00 273.040 272.097 0.9611 0.9514
00 273.217 272.220 0.9637 0.9540
00 273.600 272.509 0.8928 0.8839
00 273.084 272.099 0.9574 0.9478
00 273.104 272.155 0.9602 0.9506
00 273.232 272.241 0.9640 0.9544
00 273.651 272.565 0.8928 0.8839
00 273.124 272.137 0.9565 0.9469
00 273.167 272.216 0.9608 0.9512
00 273.238 272.222 0.9624 0.9528
00 273.672 272.597 0.8935 0.8845
00 273.188 272.199 0.9562 0.9467
00 273.272 272.314 0.9590 0.9494
00 273.509 272.476 0.9594 0.9498
00 273.597 272.538 0.8935 0.8846
00 273.353 272.362 0.9542 0.9446
00 273.363 272.367 0.9569 0.9474
00 273.712 272.684 0.9627 0.9531
00 273.622 272.563 0.8942 0.8853
00 273.617 272.615 0.9565 0.9469
00 273.602 272.534 0.9538 0.9443
00 273.910 272.834 0.9569 0.9473
00 273.899 272.804 0.8968 0.8878
00 273.686 272.685 0.9564 0.9468
00 273.727 272.619 0.9528 0.9433
00 273.937 272.810 0.9486 0.9391
00 273.946 272.835 0.8978 0.8888
00 273.806 272.804 0.9538 0.9442
00 273.999 272.864 0.9535 0.9439
00 274.054 272.912 0.9438 0.9343
00 274.124 272.985 0.8964 0.8875
00 274.168 273.158 0.9544 0.9449
00 274.066 272.923 0.9550 0.9454
00 274.312 273.151 0.9388 0.9294
00 274.375 273.175 0.8943 0.8853
00 274.462 273.444 0.9538 0.9443
00 274.222 273.074 0.9563 0.9467
00 274.893 273.694 0.9338 0.9245
00 274.922 273.613 0.8881 0.8792
00 273.653 272.685 0.9562 0.9466
00 274.468 273.411 0.9601 0.9505
00 274.159 272.993 0.9394 0.9300
00 274.641 273.341 0.9331 0.9238
00 273.783 272.750 0.9625 0.9529
00 274.747 273.685 0.9601 0.9505
00 274.481 273.262 0.9346 0.9253
00 275.012 273.675 0.9238 0.9146
00 272.307 271.382 0.9575 0.9479
00 272.998 272.013 0.9614 0.9518
00 272.694 271.612 0.9354 0.9260
00 273.238 272.052 0.9169 0.9077
00 271.460 270.607 0.9529 0.9433
00 271.460 270.554 0.9611 0.9514
00 271.460 270.463 0.9384 0.9290
00 271.463 270.466 0.9063 0.8973
00 271.460 270.625 0.9524 0.9429
00 271.460 270.565 0.9644 0.9548
00 271.460 270.453 0.9451 0.9356
00 271.460 270.498 0.9007 0.8917
00 271.460 270.630 0.9527 0.9432
00 271.460 270.579 0.9676 0.9579
00 271.460 270.500 0.9549 0.9453
00 271.460 270.555 0.8964 0.8875
00 271.556 270.716 0.9543 0.9447
00 271.472 270.583 0.9666 0.9569
00 271.579 270.690 0.9639 0.9542
00 271.728 270.835 0.8925 0.8836
00 272.222 271.337 0.9581 0.9485
00 272.122 271.205 0.9626 0.9530
00 272.516 271.579 0.9656 0.9559
00 272.786 271.782 0.8923 0.8834
00 272.901 271.976 0.9560 0.9464
00 272.686 271.755 0.9599 0.9503
00 272.967 271.984 0.9627 0.9531
00 273.642 272.563 0.8927 0.8838
00 273.041 272.105 0.9551 0.9456
00 273.239 272.284 0.9583 0.9488
00 273.134 272.139 0.9638 0.9541
00 273.776 272.704 0.8945 0.8856
00 272.996 272.062 0.9545 0.9450
00 273.198 272.236 0.9600 0.9504
00 273.311 272.282 0.9582 0.9486
00 273.708 272.654 0.8946 0.8856
00 273.208 272.263 0.9548 0.9453
00 273.339 272.368 0.9586 0.9490
00 273.268 272.252 0.9606 0.9510
00 273.683 272.647 0.8947 0.8858
00 273.452 272.496 0.9547 0.9452
00 273.385 272.423 0.9593 0.9497
00 273.402 272.386 0.9594 0.9498
00 273.636 272.608 0.8931 0.8842
00 273.516 272.552 0.9556 0.9460
00 273.662 272.696 0.9642 0.9546
00 273.718 272.631 0.9554 0.9458
00 273.762 272.697 0.8917 0.8828
00 273.778 272.798 0.9554 0.9459
00 273.826 272.848 0.9638 0.9542
00 274.140 273.015 0.9496 0.9401
00 274.367 273.185 0.8911 0.8822
00 274.544 273.527 0.9547 0.9451
00 274.035 273.039 0.9643 0.9547
00 274.519 273.357 0.9467 0.9372
00 275.166 273.859 0.8932 0.8843
00 274.911 273.877 0.9573 0.9477
00 274.094 273.087 0.9656 0.9559
00 274.441 273.270 0.9430 0.9335
00 275.396 274.086 0.8926 0.8837
00 275.222 274.174 0.9569 0.9473
00 274.437 273.410 0.9653 0.9557
00 274.821 273.650 0.9390 0.9297
00 275.457 274.191 0.8888 0.8799
00 273.126 272.189 0.9547 0.9452
00 273.790 272.747 0.9645 0.9549
00 273.342 272.237 0.9384 0.9290
00 273.568 272.361 0.9389 0.9295
00 273.455 272.466 0.9653 0.9557
00 274.019 272.975 0.9605 0.9509
00 273.407 272.290 0.9374 0.9280
00 274.118 272.847 0.9314 0.9221
00 272.483 271.557 0.9596 0.9500
00 273.086 272.088 0.9581 0.9485
00 272.620 271.539 0.9393 0.9299
00 273.120 271.934 0.9233 0.9140
00 271.464 270.625 0.9538 0.9442
00 271.593 270.675 0.9560 0.9465
00 271.486 270.486 0.9379 0.9286
00 271.575 270.552 0.9120 0.9029
00 271.460 270.648 0.9529 0.9434
00 271.460 270.544 0.9591 0.9495
00 271.460 270.454 0.9411 0.9317
00 271.460 270.486 0.9034 0.8944
00 271.460 270.665 0.9532 0.9436
00 271.460 270.545 0.9598 0.9502
00 271.460 270.458 0.9470 0.9376
00 271.460 270.534 0.8979 0.8889
00 271.460 270.657 0.9511 0.9416
00 271.460 270.559 0.9625 0.9529
00 271.460 270.530 0.9575 0.9479
00 271.460 270.583 0.8931 0.8842
00 271.460 270.646 0.9496 0.9401
00 271.467 270.577 0.9659 0.9562
00 271.505 270.624 0.9636 0.9539
00 271.803 270.908 0.8908 0.8819
00 271.713 270.878 0.9483 0.9388
00 271.670 270.758 0.9635 0.9539
00 272.077 271.150 0.9628 0.9532
00 272.426 271.496 0.8948 0.8858
00 272.933 272.021 0.9480 0.9386
00 272.353 271.411 0.9623 0.9527
00 272.657 271.688 0.9630 0.9533
00 272.991 272.018 0.8939 0.8849
00 273.165 272.234 0.9475 0.9380
00 273.282 272.311 0.9595 0.9499
00 273.388 272.373 0.9609 0.9513
00 273.558 272.519 0.8927 0.8837
00 273.291 272.355 0.9450 0.9356
00 273.168 272.200 0.9597 0.9501
00 273.363 272.325 0.9580 0.9484
00 273.789 272.719 0.8938 0.8849
00 273.334 272.394 0.9451 0.9357
00 273.178 272.210 0.9573 0.9477
00 273.328 272.315 0.9593 0.9497
00 273.853 272.782 0.8948 0.8858
00 273.444 272.495 0.9460 0.9366
00 273.218 272.239 0.9594 0.9498
00 273.397 272.377 0.9592 0.9496
00 273.669 272.606 0.8918 0.8829
00 273.656 272.693 0.9480 0.9385
00 273.620 272.623 0.9600 0.9504
00 273.680 272.618 0.9590 0.9494
00 273.645 272.549 0.8894 0.8805
00 273.962 272.976 0.9466 0.9372
00 274.038 273.044 0.9628 0.9531
00 273.948 272.865 0.9529 0.9434
00 273.742 272.630 0.8892 0.8803
00 274.493 273.473 0.9457 0.9362
00 274.325 273.337 0.9648 0.9552
00 274.112 273.027 0.9502 0.9407
00 274.394 273.221 0.8872 0.8783
00 275.151 274.085 0.9468 0.9373
00 274.301 273.329 0.9669 0.9572
00 274.413 273.297 0.9472 0.9377
00 275.084 273.873 0.8873 0.8784
00 275.650 274.562 0.9479 0.9384
00 274.782 273.795 0.9689 0.9592
00 275.286 274.116 0.9463 0.9368
00 275.453 274.289 0.8906 0.8817
00 271.469 270.648 0.9468 0.9374
00 271.557 270.601 0.9627 0.9530
00 271.481 270.563 0.9677 0.9581
00 271.460 270.509 0.9599 0.9503
00 271.478 270.499 0.9384 0.9290
00 271.461 270.380 0.9345 0.9252
00 271.560 270.672 0.9616 0.9520
00 271.462 270.511 0.9559 0.9464
00 271.478 270.499 0.9396 0.9302
00 271.465 270.405 0.9280 0.9187
00 271.526 270.675 0.9531 0.9435
00 271.460 270.532 0.9536 0.9441
00 271.461 270.468 0.9397 0.9303
00 271.460 270.424 0.9198 0.9106
00 271.461 270.643 0.9523 0.9428
00 271.460 270.535 0.9536 0.9441
00 271.460 270.460 0.9408 0.9314
00 271.460 270.460 0.9097 0.9006
00 271.460 270.656 0.9528 0.9433
00 271.460 270.539 0.9549 0.9453
00 271.460 270.453 0.9436 0.9342
00 271.460 270.511 0.9012 0.8922
00 271.460 270.665 0.9525 0.9429
00 271.460 270.543 0.9574 0.9478
00 271.460 270.472 0.9501 0.9406
00 271.460 270.566 0.8948 0.8859
00 271.460 270.651 0.9506 0.9411
00 271.460 270.544 0.9599 0.9503
00 271.460 270.537 0.9587 0.9491
00 271.460 270.596 0.8912 0.8823
00 271.460 270.636 0.9489 0.9394
00 271.460 270.550 0.9614 0.9518
00 271.460 270.568 0.9632 0.9536
00 271.461 270.626 0.8920 0.8831
00 271.473 270.634 0.9482 0.9388
00 272.008 271.094 0.9630 0.9534
00 271.760 270.831 0.9622 0.9525
00 272.358 271.462 0.8976 0.8886
00 272.774 271.843 0.9481 0.9386
00 273.121 272.165 0.9646 0.9550
00 272.935 271.939 0.9618 0.9521
00 273.671 272.651 0.8980 0.8891
00 273.716 272.723 0.9492 0.9397
00 273.484 272.507 0.9630 0.9533
00 273.370 272.350 0.9598 0.9502
00 273.915 272.854 0.8954 0.8864
00 273.771 272.774 0.9494 0.9399
00 273.635 272.646 0.9633 0.9537
00 273.594 272.553 0.9619 0.9522
00 273.779 272.721 0.8951 0.8861
00 274.022 273.008 0.9475 0.9380
00 273.582 272.600 0.9620 0.9524
00 273.710 272.666 0.9628 0.9532
00 273.675 272.646 0.8935 0.8846
00 273.794 272.798 0.9482 0.9387
00 273.470 272.493 0.9604 0.9508
00 273.856 272.810 0.9614 0.9518
00 273.668 272.667 0.8939 0.8849
00 273.752 272.762 0.9527 0.9432
00 273.362 272.400 0.9603 0.9507
00 273.650 272.597 0.9599 0.9503
00 273.783 272.793 0.8949 0.8859
00 273.902 272.910 0.9517 0.9422
00 273.427 272.478 0.9640 0.9544
00 273.706 272.648 0.9570 0.9475
00 273.767 272.820 0.8965 0.8875
00 273.764 272.781 0.9542 0.9446
00 273.816 272.865 0.9664 0.9567
00 274.065 272.977 0.9563 0.9467
00 273.915 273.000 0.8967 0.8877
00 274.619 273.590 0.9502 0.9407
00 274.918 273.925 0.9664 0.9568
00 274.552 273.432 0.9551 0.9455
00 274.309 273.395 0.8976 0.8887
00 275.027 273.973 0.9518 0.9423
00 275.400 274.394 0.9661 0.9565
00 274.826 273.675 0.9472 0.9377
00 275.337 274.334 0.8999 0.8909
00 275.415 274.342 0.9521 0.9426
00 271.518 270.519 0.9472 0.9377
00 271.771 270.741 0.9479 0.9384
00 271.753 270.657 0.9553 0.9457
00 271.762 270.836 0.9681 0.9584
00 271.460 270.491 0.9579 0.9483
00 271.461 270.464 0.9424 0.9330
00 271.460 270.383 0.9416 0.9322
00 271.502 270.610 0.9612 0.9516
00 271.460 270.506 0.9583 0.9487
00 271.460 270.481 0.9408 0.9314
00 271.460 270.383 0.9323 0.9229
00 271.483 270.620 0.9538 0.9442
00 271.460 270.499 0.9543 0.9448
00 271.460 270.488 0.9408 0.9314
00 271.460 270.414 0.9280 0.9187
00 271.460 270.627 0.9509 0.9414
00 271.460 270.499 0.9513 0.9418
00 271.460 270.479 0.9417 0.9323
00 271.460 270.434 0.9187 0.9095
00 271.460 270.639 0.9511 0.9416
00 271.460 270.502 0.9513 0.9418
00 271.460 270.463 0.9423 0.9329
00 271.460 270.474 0.9084 0.8993
00 271.460 270.655 0.9516 0.9420
00 271.460 270.497 0.9542 0.9447
00 271.460 270.459 0.9453 0.9358
00 271.460 270.533 0.8992 0.8902
00 271.460 270.657 0.9518 0.9423
00 271.460 270.500 0.9538 0.9443
00 271.460 270.481 0.9516 0.9420
00 271.460 270.584 0.8927 0.8838
00 271.460 270.646 0.9521 0.9426
00 271.460 270.508 0.9545 0.9449
00 271.460 270.531 0.9589 0.9493
00 271.460 270.630 0.8927 0.8838
00 271.460 270.629 0.9537 0.9442
00 271.460 270.527 0.9561 0.9465
00 271.460 270.557 0.9629 0.9533
00 271.462 270.680 0.8968 0.8878
00 271.468 270.618 0.9529 0.9434
00 271.843 270.907 0.9568 0.9472
00 271.985 271.040 0.9625 0.9529
00 272.468 271.604 0.9012 0.8922
00 272.725 271.785 0.9513 0.9417
00 273.030 272.059 0.9589 0.9493
00 273.272 272.259 0.9630 0.9533
00 273.822 272.830 0.9045 0.8954
00 273.962 272.925 0.9483 0.9388
00 273.829 272.846 0.9619 0.9522
00 273.791 272.758 0.9650 0.9554
00 274.077 273.059 0.9008 0.8918
00 274.191 273.130 0.9475 0.9380
00 273.796 272.830 0.9626 0.9529
00 273.979 272.935 0.9626 0.9529
00 274.034 273.018 0.8993 0.8903
00 274.259 273.194 0.9484 0.9389
00 273.877 272.911 0.9626 0.9530
00 273.950 272.907 0.9630 0.9534
00 274.124 273.118 0.8991 0.8901
00 274.561 273.493 0.9488 0.9393
00 273.856 272.887 0.9621 0.9525
00 273.962 272.915 0.9631 0.9535
00 274.097 273.132 0.8987 0.8897
00 274.441 273.392 0.9492 0.9397
00 273.856 272.894 0.9625 0.9529
00 273.840 272.784 0.9607 0.9511
00 273.946 273.035 0.8974 0.8884
00 274.221 273.196 0.9485 0.9390
00 273.875 272.923 0.9634 0.9538
00 273.890 272.844 0.9597 0.9501
00 274.353 273.412 0.8932 0.8843
00 274.358 273.328 0.9465 0.9371
00 274.619 273.634 0.9614 0.9518
00 274.597 273.517 0.9605 0.9509
00 274.247 273.301 0.8872 0.8783
00 274.603 273.550 0.9434 0.9340
00 274.869 273.866 0.9633 0.9536
00 274.925 273.816 0.9618 0.9521
00 274.550 273.519 0.8779 0.8691
00 275.045 273.956 0.9438 0.9344
00 275.156 274.135 0.9618 0.9521
00 275.354 274.225 0.9618 0.9522
00 274.849 273.733 0.8724 0.8636
00 275.475 274.352 0.9429 0.9334
00 271.460 270.477 0.9456 0.9362
00 271.476 270.482 0.9458 0.9364
00 271.626 270.526 0.9390 0.9296
00 272.738 271.795 0.9570 0.9474
00 271.460 270.472 0.9495 0.9400
00 271.460 270.492 0.9458 0.9363
00 271.468 270.396 0.9331 0.9238
00 272.243 271.351 0.9557 0.9462
00 271.460 270.474 0.9501 0.9406
00 271.460 270.481 0.9427 0.9333
00 271.460 270.421 0.9287 0.9194
00 271.460 270.626 0.9541 0.9446
00 271.460 270.479 0.9519 0.9424
00 271.461 270.486 0.9425 0.9331
00 271.461 270.439 0.9189 0.9097
00 271.461 270.633 0.9524 0.9429
00 271.460 270.478 0.9538 0.9443
00 271.460 270.477 0.9434 0.9340
00 271.460 270.478 0.9083 0.8993
00 271.461 270.632 0.9497 0.9402
00 271.460 270.471 0.9527 0.9432
00 271.460 270.465 0.9456 0.9362
00 271.460 270.548 0.8982 0.8893
00 271.460 270.639 0.9497 0.9402
00 271.460 270.465 0.9489 0.9394
00 271.460 270.478 0.9506 0.9411
00 271.460 270.603 0.8919 0.8830
00 271.460 270.636 0.9502 0.9407
00 271.460 270.461 0.9459 0.9364
00 271.460 270.516 0.9570 0.9474
00 271.460 270.658 0.8932 0.8843
00 271.460 270.626 0.9519 0.9424
00 271.469 270.476 0.9461 0.9366
00 271.465 270.545 0.9610 0.9514
00 271.474 270.742 0.8999 0.8909
00 271.478 270.629 0.9523 0.9427
00 272.454 271.401 0.9484 0.9389
00 272.328 271.375 0.9655 0.9558
00 272.564 271.750 0.9046 0.8956
00 272.452 271.520 0.9526 0.9431
00 273.158 272.074 0.9471 0.9377
00 273.309 272.306 0.9613 0.9517
00 273.689 272.757 0.9060 0.8969
00 273.889 272.840 0.9486 0.9391
00 273.619 272.527 0.9488 0.9393
00 273.564 272.553 0.9643 0.9547
00 273.990 273.024 0.9028 0.8938
00 274.333 273.240 0.9464 0.9369
00 274.327 273.198 0.9489 0.9394
00 274.154 273.114 0.9642 0.9546
00 274.311 273.314 0.9023 0.8933
00 274.644 273.533 0.9442 0.9347
00 274.127 273.027 0.9496 0.9401
00 274.093 273.066 0.9653 0.9556
00 274.334 273.355 0.9015 0.8925
00 274.452 273.383 0.9466 0.9371
00 273.999 272.909 0.9494 0.9399
00 274.119 273.099 0.9669 0.9572
00 274.277 273.323 0.8982 0.8892
00 274.118 273.097 0.9493 0.9398
00 274.473 273.348 0.9480 0.9385
00 274.518 273.476 0.9656 0.9559
00 274.396 273.434 0.8910 0.8821
00 274.695 273.648 0.9478 0.9383
00 274.901 273.741 0.9481 0.9386
00 274.722 273.672 0.9640 0.9544
00 274.787 273.737 0.8830 0.8741
00 274.916 273.842 0.9494 0.9399
00 275.204 274.017 0.9477 0.9382
00 274.884 273.834 0.9661 0.9565
00 275.168 274.015 0.8753 0.8665
00 275.009 273.917 0.9469 0.9374
00 275.468 274.259 0.9471 0.9376
00 275.198 274.141 0.9659 0.9563
00 275.137 273.970 0.8704 0.8617
00 275.227 274.117 0.9449 0.9355
00 275.418 274.208 0.9462 0.9367
00 275.634 274.563 0.9658 0.9562
00 275.183 274.003 0.8684 0.8597
00 275.506 274.378 0.9427 0.9333
00 272.792 271.742 0.9457 0.9362
00 272.965 271.926 0.9579 0.9484
00 272.830 271.660 0.9531 0.9435
00 273.292 272.317 0.9639 0.9543
00 272.190 271.184 0.9429 0.9335
00 273.373 272.326 0.9533 0.9438
00 272.977 271.785 0.9410 0.9315
00 274.016 273.009 0.9570 0.9475
00 272.331 271.286 0.9432 0.9338
00 273.454 272.403 0.9529 0.9434
00 273.220 272.036 0.9374 0.9280
00 274.472 273.472 0.9546 0.9450
00 273.585 272.448 0.9443 0.9348
00 273.567 272.477 0.9501 0.9406
00 273.354 272.172 0.9323 0.9230
00 273.993 273.007 0.9574 0.9478
00 271.935 270.898 0.9470 0.9375
00 272.852 271.778 0.9467 0.9372
00 272.464 271.362 0.9216 0.9124
00 273.565 272.567 0.9478 0.9383
00 271.461 270.453 0.9504 0.9409
00 271.673 270.679 0.9439 0.9344
00 271.812 270.801 0.9099 0.9008
00 272.404 271.468 0.9444 0.9350
00 271.460 270.459 0.9534 0.9439
00 271.460 270.475 0.9448 0.9353
00 271.460 270.558 0.8978 0.8888
00 271.463 270.620 0.9442 0.9348
00 271.460 270.458 0.9514 0.9419
00 271.460 270.470 0.9476 0.9382
00 271.460 270.613 0.8912 0.8823
00 271.460 270.620 0.9444 0.9349
00 271.460 270.455 0.9474 0.9380
00 271.460 270.482 0.9522 0.9427
00 271.460 270.674 0.8910 0.8821
00 271.460 270.615 0.9451 0.9356
00 271.460 270.455 0.9459 0.9364
00 271.461 270.503 0.9556 0.9460
00 271.461 270.747 0.8972 0.8882
00 271.468 270.634 0.9508 0.9413
00 272.124 271.069 0.9450 0.9356
00 272.220 271.245 0.9593 0.9497
00 272.145 271.398 0.9056 0.8966
00 272.381 271.474 0.9547 0.9451
00 273.036 271.914 0.9449 0.9355
00 273.251 272.244 0.9623 0.9526
00 273.559 272.680 0.9060 0.8969
00 273.799 272.768 0.9525 0.9430
00 273.410 272.255 0.9445 0.9350
00 273.610 272.597 0.9644 0.9548
00 274.126 273.190 0.9030 0.8940
00 274.445 273.331 0.9450 0.9356
00 273.949 272.747 0.9465 0.9371
00 273.887 272.852 0.9640 0.9544
00 274.300 273.352 0.9016 0.8926
00 274.422 273.291 0.9413 0.9319
00 274.043 272.836 0.9435 0.9341
00 274.169 273.143 0.9657 0.9560
00 274.446 273.489 0.9004 0.8914
00 274.520 273.410 0.9428 0.9334
00 274.106 272.901 0.9434 0.9340
00 274.215 273.179 0.9646 0.9550
00 274.318 273.370 0.8978 0.8889
00 274.287 273.222 0.9471 0.9376
00 274.640 273.411 0.9431 0.9337
00 274.637 273.583 0.9630 0.9533
00 274.781 273.759 0.8926 0.8837
00 274.587 273.517 0.9482 0.9387
00 275.398 274.115 0.9443 0.9348
00 274.833 273.781 0.9653 0.9556
00 274.808 273.747 0.8846 0.8757
00 274.980 273.888 0.9518 0.9423
00 275.470 274.174 0.9431 0.9336
00 274.903 273.858 0.9648 0.9552
00 275.033 273.917 0.8774 0.8687
00 274.895 273.802 0.9512 0.9417
00 275.513 274.213 0.9421 0.9326
00 275.262 274.209 0.9651 0.9555
00 275.180 274.039 0.8707 0.8620
00 275.235 274.114 0.9498 0.9403
00 275.648 274.336 0.9405 0.9311
00 275.548 274.483 0.9652 0.9555
00 275.944 274.700 0.8651 0.8565
00 275.631 274.472 0.9479 0.9384
00 273.168 272.077 0.9435 0.9341
00 273.459 272.437 0.9624 0.9528
00 273.338 272.148 0.9529 0.9434
00 273.875 272.875 0.9652 0.9556
00 273.057 271.954 0.9426 0.9331
00 274.071 273.003 0.9591 0.9495
00 273.291 272.079 0.9333 0.9240
00 274.679 273.549 0.9450 0.9355
00 271.460 270.436 0.9447 0.9352
00 271.460 270.469 0.9458 0.9364
00 271.463 270.563 0.9042 0.8952
00 271.613 270.745 0.9390 0.9296
00 271.460 270.434 0.9439 0.9344
00 271.460 270.476 0.9451 0.9356
00 271.460 270.597 0.8907 0.8818
00 271.461 270.607 0.9395 0.9301
00 271.460 270.438 0.9425 0.9330
00 271.460 270.487 0.9487 0.9392
00 271.460 270.686 0.8881 0.8792
00 271.460 270.607 0.9410 0.9316
00 271.460 270.432 0.9409 0.9315
00 271.460 270.490 0.9512 0.9417
00 271.462 270.754 0.8922 0.8833
00 271.473 270.641 0.9488 0.9393
00 271.884 270.816 0.9386 0.9292
00 272.277 271.267 0.9544 0.9448
00 272.683 271.878 0.8993 0.8904
00 273.551 272.599 0.9559 0.9464
00 272.880 271.732 0.9366 0.9273
00 273.304 272.257 0.9576 0.9480
00 273.354 272.511 0.9021 0.8931
00 274.008 272.990 0.9534 0.9439
00 272.993 271.837 0.9354 0.9261
00 273.765 272.716 0.9625 0.9529
00 273.886 273.006 0.9018 0.8928
00 274.446 273.354 0.9481 0.9386
00 273.666 272.459 0.9353 0.9259
00 274.120 273.059 0.9620 0.9524
00 274.329 273.412 0.8997 0.8907
00 274.417 273.271 0.9415 0.9320
00 274.008 272.775 0.9384 0.9290
00 274.740 273.673 0.9617 0.9521
00 274.815 273.850 0.8994 0.8904
00 274.765 273.603 0.9388 0.9294
00 273.989 272.758 0.9384 0.9290
00 274.968 273.880 0.9631 0.9534
00 274.822 273.856 0.8974 0.8884
00 274.727 273.595 0.9404 0.9310
00 274.873 273.584 0.9356 0.9262
00 274.762 273.678 0.9577 0.9482
00 274.492 273.558 0.8915 0.8825
00 274.669 273.547 0.9422 0.9327
00 275.055 273.756 0.9374 0.9280
00 274.638 273.562 0.9588 0.9492
00 274.424 273.497 0.8860 0.8771
00 274.508 273.396 0.9443 0.9349
00 275.507 274.186 0.9379 0.9285
00 274.999 273.917 0.9614 0.9518
00 275.007 274.019 0.8845 0.8757
00 274.673 273.555 0.9458 0.9364
00 275.380 274.089 0.9395 0.9301
00 275.350 274.246 0.9605 0.9509
00 275.217 274.217 0.8821 0.8733
00 275.044 273.896 0.9488 0.9393
00 275.524 274.240 0.9406 0.9312
00 275.625 274.452 0.9550 0.9454
00 275.447 274.422 0.8767 0.8680
00 275.532 274.351 0.9500 0.9405
00 271.460 270.452 0.9362 0.9268
00 271.460 270.469 0.9478 0.9384
00 271.460 270.586 0.8936 0.8847
00 271.460 270.563 0.9302 0.9209
00 271.460 270.438 0.9338 0.9245
00 271.460 270.470 0.9452 0.9358
00 271.460 270.671 0.8879 0.8791
00 271.460 270.572 0.9323 0.9230
00 271.460 270.425 0.9328 0.9234
00 271.460 270.480 0.9476 0.9382
00 271.460 270.754 0.8891 0.8802
00 271.460 270.580 0.9414 0.9320
00 272.191 271.078 0.9346 0.9253
00 272.632 271.596 0.9522 0.9427
00 272.605 271.796 0.8945 0.8856
00 272.535 271.621 0.9544 0.9449
00 273.171 271.970 0.9359 0.9266
00 273.997 272.899 0.9542 0.9447
00 273.842 272.925 0.8992 0.8902
00 274.283 273.266 0.9560 0.9464
00 272.875 271.693 0.9375 0.9281
00 274.253 273.154 0.9558 0.9462
00 274.277 273.356 0.9020 0.8930
00 274.682 273.609 0.9491 0.9396
00 272.899 271.724 0.9395 0.9301
00 274.374 273.272 0.9560 0.9465
00 274.532 273.617 0.9001 0.8911
00 274.637 273.496 0.9418 0.9323
00 273.259 272.070 0.9397 0.9303
00 274.123 273.035 0.9592 0.9496
00 274.857 273.919 0.8994 0.8904
00 274.852 273.672 0.9381 0.9287
00 273.468 272.274 0.9406 0.9312
00 274.608 273.507 0.9578 0.9482
00 274.901 273.965 0.8964 0.8875
00 274.772 273.606 0.9388 0.9294
00 275.139 273.847 0.9426 0.9331
00 274.840 273.754 0.9619 0.9523
00 274.814 273.890 0.8938 0.8849
00 274.578 273.433 0.9418 0.9324
00 275.630 274.309 0.9424 0.9330
00 274.885 273.839 0.9641 0.9545
00 274.767 273.850 0.8919 0.8830
00 274.808 273.669 0.9457 0.9362
00 275.718 274.390 0.9409 0.9315
00 274.938 273.870 0.9611 0.9515
00 275.086 274.131 0.8893 0.8804
00 275.050 273.895 0.9500 0.9405
00 275.675 274.345 0.9379 0.9285
00 274.989 273.875 0.9554 0.9458
00 275.084 274.134 0.8851 0.8763
00 275.079 273.933 0.9518 0.9423
00 275.505 274.189 0.9340 0.9247
00 275.236 274.104 0.9524 0.9428
00 275.406 274.419 0.8814 0.8726
00 275.412 274.273 0.9552 0.9456
