00 271.461 270.417 0.9480 0.9385
00 271.460 270.384 0.9657 0.9560
00 271.460 270.565 0.9928 0.9828
00 271.460 270.503 0.9883 0.9784
00 271.461 270.457 0.9326 0.9233
00 271.460 270.456 0.9605 0.9509
00 271.460 270.559 0.9921 0.9822
00 271.460 270.556 0.9914 0.9814
00 271.461 270.470 0.9232 0.9140
00 271.460 270.492 0.9638 0.9542
00 271.460 270.549 0.9916 0.9817
00 271.460 270.585 0.9935 0.9836
00 271.461 270.498 0.9155 0.9064
00 271.460 270.495 0.9639 0.9542
00 271.460 270.545 0.9914 0.9815
00 271.460 270.596 0.9947 0.9847
00 271.461 270.542 0.9087 0.8996
00 271.460 270.472 0.9614 0.9518
00 271.460 270.544 0.9913 0.9814
00 271.460 270.606 0.9953 0.9854
00 271.461 270.553 0.9015 0.8925
00 271.460 270.433 0.9563 0.9467
00 271.460 270.542 0.9910 0.9810
00 271.460 270.605 0.9953 0.9854
00 271.461 270.504 0.8882 0.8793
00 271.460 270.390 0.9503 0.9408
00 271.460 270.543 0.9906 0.9807
00 271.460 270.602 0.9950 0.9851
00 271.461 270.504 0.8773 0.8686
00 271.460 270.376 0.9464 0.9370
00 271.460 270.548 0.9905 0.9806
00 271.460 270.598 0.9947 0.9848
00 271.461 270.534 0.8718 0.8631
00 271.460 270.374 0.9435 0.9340
00 271.460 270.555 0.9905 0.9806
00 271.460 270.594 0.9944 0.9844
00 271.461 270.569 0.8687 0.8600
00 271.460 270.381 0.9398 0.9304
00 271.460 270.557 0.9899 0.9800
00 271.460 270.593 0.9940 0.9841
00 271.461 270.593 0.8642 0.8556
00 271.654 270.575 0.9352 0.9258
00 271.460 270.565 0.9902 0.9803
00 271.460 270.590 0.9935 0.9836
00 271.461 270.612 0.8584 0.8499
00 271.637 270.598 0.9312 0.9219
00 271.460 270.569 0.9904 0.9805
00 271.460 270.594 0.9934 0.9835
00 271.461 270.691 0.8567 0.8482
00 271.460 270.504 0.9307 0.9214
00 271.460 270.568 0.9901 0.9802
00 271.460 270.600 0.9935 0.9835
00 271.461 270.841 0.8629 0.8542
00 271.460 270.574 0.9325 0.9232
00 271.460 270.566 0.9898 0.9799
00 271.460 270.608 0.9936 0.9836
00 271.461 270.958 0.8750 0.8663
00 271.460 270.620 0.9333 0.9240
00 271.460 270.564 0.9894 0.9795
00 271.460 270.616 0.9936 0.9837
00 271.461 271.026 0.8835 0.8746
00 271.460 270.654 0.9336 0.9243
00 271.460 270.563 0.9887 0.9789
00 271.460 270.618 0.9934 0.9834
00 271.461 271.059 0.8836 0.8748
00 271.461 270.643 0.9292 0.9200
00 271.460 270.564 0.9880 0.9781
00 271.460 270.620 0.9929 0.9829
00 271.567 271.159 0.8819 0.8731
00 271.697 270.852 0.9222 0.9130
00 271.460 270.561 0.9867 0.9768
00 271.460 270.622 0.9920 0.9821
00 271.461 270.408 0.9488 0.9393
00 271.460 270.422 0.9728 0.9631
00 271.460 270.576 0.9937 0.9838
00 271.460 270.457 0.9839 0.9740
00 271.461 270.427 0.9320 0.9226
00 271.460 270.476 0.9669 0.9572
00 271.460 270.564 0.9925 0.9826
00 271.460 270.500 0.9878 0.9779
00 271.461 270.454 0.9226 0.9133
00 271.460 270.516 0.9692 0.9595
00 271.460 270.560 0.9921 0.9822
00 271.460 270.564 0.9920 0.9821
00 271.461 270.495 0.9163 0.9072
00 271.460 270.521 0.9696 0.9599
00 271.460 270.558 0.9921 0.9822
00 271.460 270.586 0.9938 0.9838
00 271.461 270.544 0.9099 0.9008
00 271.460 270.507 0.9680 0.9583
00 271.460 270.553 0.9917 0.9818
00 271.460 270.601 0.9949 0.9849
00 271.461 270.565 0.9035 0.8944
00 271.460 270.479 0.9643 0.9547
00 271.460 270.551 0.9916 0.9817
00 271.460 270.607 0.9953 0.9853
00 271.461 270.534 0.8916 0.8827
00 271.460 270.425 0.9571 0.9475
00 271.460 270.552 0.9914 0.9815
00 271.460 270.606 0.9952 0.9852
00 271.461 270.503 0.8788 0.8700
00 271.460 270.376 0.9491 0.9396
00 271.460 270.552 0.9909 0.9810
00 271.460 270.604 0.9949 0.9850
00 271.461 270.529 0.8720 0.8633
00 271.460 270.360 0.9441 0.9347
00 271.460 270.553 0.9903 0.9804
00 271.460 270.602 0.9946 0.9847
00 271.461 270.568 0.8678 0.8592
00 271.460 270.361 0.9386 0.9293
00 271.460 270.561 0.9905 0.9806
00 271.460 270.603 0.9944 0.9845
00 271.461 270.593 0.8628 0.8541
00 271.460 270.377 0.9306 0.9213
00 271.460 270.568 0.9908 0.9809
00 271.460 270.603 0.9941 0.9841
00 271.461 270.611 0.8576 0.8490
00 271.460 270.417 0.9215 0.9123
00 271.460 270.571 0.9908 0.9809
00 271.460 270.607 0.9940 0.9841
00 271.461 270.647 0.8525 0.8440
00 271.460 270.478 0.9157 0.9065
00 271.460 270.570 0.9904 0.9805
00 271.460 270.614 0.9941 0.9842
00 271.461 270.742 0.8516 0.8430
00 271.460 270.566 0.9170 0.9078
00 271.460 270.574 0.9902 0.9803
00 271.460 270.620 0.9941 0.9842
00 271.461 270.885 0.8595 0.8509
00 271.460 270.656 0.9250 0.9157
00 271.460 270.578 0.9898 0.9800
00 271.460 270.623 0.9938 0.9839
00 271.461 271.004 0.8733 0.8645
00 271.460 270.706 0.9302 0.9209
00 271.460 270.574 0.9886 0.9787
00 271.460 270.623 0.9932 0.9832
00 271.470 271.066 0.8818 0.8730
00 271.688 270.929 0.9341 0.9247
00 271.460 270.566 0.9862 0.9764
00 271.460 270.623 0.9922 0.9823
00 271.966 271.522 0.8872 0.8783
00 272.165 271.331 0.9327 0.9234
00 271.460 270.561 0.9843 0.9744
00 271.460 270.620 0.9910 0.9810
00 271.461 270.400 0.9506 0.9411
00 271.460 270.442 0.9762 0.9664
00 271.460 270.584 0.9947 0.9848
00 271.460 270.450 0.9775 0.9677
00 271.461 270.412 0.9333 0.9240
00 271.460 270.480 0.9713 0.9615
00 271.460 270.563 0.9930 0.9830
00 271.460 270.462 0.9843 0.9745
00 271.461 270.446 0.9242 0.9149
00 271.460 270.527 0.9731 0.9634
00 271.460 270.558 0.9920 0.9821
00 271.460 270.526 0.9894 0.9796
00 271.461 270.483 0.9182 0.9090
00 271.460 270.531 0.9735 0.9638
00 271.460 270.562 0.9922 0.9823
00 271.460 270.575 0.9927 0.9828
00 271.461 270.538 0.9117 0.9026
00 271.460 270.524 0.9723 0.9626
00 271.460 270.562 0.9921 0.9822
00 271.460 270.591 0.9942 0.9843
00 271.461 270.563 0.9042 0.8951
00 271.460 270.509 0.9700 0.9603
00 271.460 270.559 0.9917 0.9818
00 271.460 270.604 0.9950 0.9851
00 271.461 270.560 0.8942 0.8853
00 271.460 270.476 0.9650 0.9553
00 271.460 270.556 0.9914 0.9815
00 271.460 270.609 0.9952 0.9852
00 271.461 270.519 0.8816 0.8728
00 271.460 270.411 0.9551 0.9456
00 271.460 270.559 0.9912 0.9813
00 271.460 270.609 0.9951 0.9851
00 271.461 270.511 0.8733 0.8645
00 271.460 270.359 0.9451 0.9357
00 271.460 270.564 0.9911 0.9812
00 271.460 270.608 0.9949 0.9850
00 271.461 270.547 0.8695 0.8608
00 271.460 270.354 0.9374 0.9280
00 271.460 270.566 0.9911 0.9811
00 271.460 270.612 0.9948 0.9849
00 271.461 270.590 0.8659 0.8572
00 271.460 270.376 0.9263 0.9170
00 271.460 270.565 0.9907 0.9808
00 271.460 270.613 0.9946 0.9846
00 271.461 270.618 0.8598 0.8512
00 271.460 270.448 0.9136 0.9044
00 271.460 270.561 0.9902 0.9803
00 271.460 270.616 0.9945 0.9845
00 271.461 270.644 0.8530 0.8445
00 271.460 270.534 0.9018 0.8928
00 271.460 270.552 0.9888 0.9789
00 271.460 270.622 0.9944 0.9845
00 271.461 270.679 0.8477 0.8392
00 271.460 270.577 0.8952 0.8863
00 271.460 270.537 0.9866 0.9767
00 271.460 270.626 0.9942 0.9843
00 271.461 270.770 0.8455 0.8371
00 271.460 270.629 0.8985 0.8895
00 271.460 270.516 0.9836 0.9738
00 271.460 270.628 0.9938 0.9839
00 271.462 270.908 0.8510 0.8425
00 271.461 270.724 0.9141 0.9050
00 271.460 270.496 0.9804 0.9706
00 271.460 270.627 0.9929 0.9830
00 271.506 271.088 0.8653 0.8567
00 271.729 271.008 0.9281 0.9188
00 271.460 270.490 0.9779 0.9681
00 271.460 270.622 0.9916 0.9817
00 271.776 271.400 0.8763 0.8676
00 271.952 271.198 0.9355 0.9261
00 271.460 270.493 0.9756 0.9658
00 271.460 270.616 0.9900 0.9801
00 271.461 270.372 0.9522 0.9427
00 271.460 270.442 0.9772 0.9674
00 271.460 270.581 0.9948 0.9849
00 271.460 270.494 0.9769 0.9671
00 271.461 270.396 0.9353 0.9259
00 271.460 270.484 0.9745 0.9648
00 271.460 270.559 0.9929 0.9830
00 271.460 270.457 0.9819 0.9721
00 271.461 270.423 0.9276 0.9183
00 271.460 270.525 0.9748 0.9650
00 271.460 270.553 0.9919 0.9820
00 271.460 270.491 0.9868 0.9770
00 271.461 270.466 0.9210 0.9117
00 271.460 270.524 0.9747 0.9650
00 271.460 270.561 0.9920 0.9821
00 271.460 270.562 0.9917 0.9818
00 271.461 270.527 0.9152 0.9061
00 271.460 270.520 0.9737 0.9640
00 271.460 270.562 0.9920 0.9821
00 271.460 270.584 0.9936 0.9836
00 271.461 270.568 0.9082 0.8991
00 271.460 270.515 0.9725 0.9628
00 271.460 270.566 0.9921 0.9822
00 271.460 270.598 0.9945 0.9846
00 271.461 270.580 0.8987 0.8897
00 271.460 270.504 0.9702 0.9604
00 271.460 270.567 0.9919 0.9820
00 271.460 270.607 0.9950 0.9851
00 271.461 270.550 0.8864 0.8775
00 271.460 270.466 0.9636 0.9540
00 271.460 270.569 0.9918 0.9818
00 271.460 270.612 0.9952 0.9852
00 271.461 270.507 0.8762 0.8674
00 271.460 270.386 0.9499 0.9404
00 271.460 270.564 0.9911 0.9811
00 271.460 270.614 0.9952 0.9852
00 271.461 270.519 0.8710 0.8623
00 271.460 270.352 0.9387 0.9293
00 271.460 270.553 0.9899 0.9800
00 271.460 270.617 0.9951 0.9851
00 271.461 270.557 0.8689 0.8602
00 271.460 270.368 0.9278 0.9185
00 271.460 270.524 0.9873 0.9774
00 271.460 270.620 0.9949 0.9850
00 271.461 270.603 0.8672 0.8585
00 271.460 270.445 0.9158 0.9067
00 271.460 270.489 0.9837 0.9738
00 271.460 270.622 0.9947 0.9847
00 271.461 270.642 0.8601 0.8515
00 271.460 270.536 0.9045 0.8955
00 271.460 270.458 0.9800 0.9702
00 271.460 270.625 0.9944 0.9845
00 271.461 270.676 0.8498 0.8413
00 271.460 270.598 0.8964 0.8875
00 271.460 270.452 0.9775 0.9677
00 271.460 270.629 0.9941 0.9841
00 271.461 270.704 0.8455 0.8370
00 271.460 270.608 0.8905 0.8816
00 271.460 270.470 0.9760 0.9662
00 271.460 270.629 0.9934 0.9835
00 271.461 270.778 0.8421 0.8337
00 271.462 270.652 0.8894 0.8805
00 271.460 270.492 0.9746 0.9648
00 271.460 270.625 0.9922 0.9823
00 271.652 271.055 0.8427 0.8342
00 272.019 271.229 0.9040 0.8950
00 271.461 270.502 0.9712 0.9615
00 271.460 270.615 0.9904 0.9805
00 272.515 271.927 0.8523 0.8438
00 272.316 271.546 0.9253 0.9160
00 271.739 270.764 0.9661 0.9564
00 271.742 270.865 0.9873 0.9774
00 271.462 270.376 0.9624 0.9528
00 271.469 270.457 0.9807 0.9709
00 271.462 270.568 0.9942 0.9843
00 271.461 270.504 0.9784 0.9687
00 271.461 270.361 0.9517 0.9422
00 271.460 270.449 0.9781 0.9684
00 271.460 270.553 0.9929 0.9830
00 271.441 270.491 0.9745 0.9648
00 271.461 270.374 0.9392 0.9298
00 271.460 270.485 0.9768 0.9670
00 271.460 270.544 0.9918 0.9819
00 271.460 270.465 0.9808 0.9710
00 271.461 270.393 0.9329 0.9236
00 271.460 270.519 0.9763 0.9666
00 271.460 270.546 0.9914 0.9815
00 271.460 270.477 0.9854 0.9756
00 271.461 270.431 0.9253 0.9160
00 271.460 270.522 0.9759 0.9662
00 271.460 270.558 0.9920 0.9821
00 271.460 270.549 0.9907 0.9808
00 271.461 270.496 0.9187 0.9095
00 271.460 270.519 0.9745 0.9648
00 271.460 270.564 0.9922 0.9823
00 271.460 270.579 0.9930 0.9831
00 271.461 270.567 0.9137 0.9046
00 271.460 270.516 0.9734 0.9637
00 271.460 270.563 0.9918 0.9819
00 271.460 270.591 0.9939 0.9840
00 271.461 270.614 0.9083 0.8992
00 271.460 270.513 0.9725 0.9628
00 271.460 270.564 0.9915 0.9815
00 271.460 270.604 0.9947 0.9848
00 271.461 270.602 0.8979 0.8889
00 271.460 270.502 0.9698 0.9601
00 271.460 270.548 0.9899 0.9800
00 271.460 270.612 0.9951 0.9851
00 271.461 270.540 0.8832 0.8744
00 271.460 270.449 0.9603 0.9507
00 271.460 270.520 0.9874 0.9775
00 271.460 270.615 0.9951 0.9851
00 271.461 270.504 0.8745 0.8658
00 271.460 270.366 0.9433 0.9338
00 271.460 270.482 0.9838 0.9739
00 271.460 270.618 0.9950 0.9851
00 271.461 270.523 0.8708 0.8621
00 271.460 270.356 0.9319 0.9226
00 271.460 270.450 0.9801 0.9703
00 271.460 270.621 0.9948 0.9849
00 271.461 270.558 0.8702 0.8615
00 271.460 270.403 0.9211 0.9119
00 271.460 270.445 0.9778 0.9680
00 271.460 270.622 0.9945 0.9846
00 271.461 270.606 0.8716 0.8629
00 271.460 270.481 0.9106 0.9015
00 271.460 270.478 0.9783 0.9685
00 271.460 270.624 0.9941 0.9842
00 271.461 270.662 0.8667 0.8581
00 271.460 270.547 0.9005 0.8915
00 271.460 270.513 0.9788 0.9690
00 271.460 270.624 0.9934 0.9834
00 271.461 270.689 0.8507 0.8422
00 271.460 270.605 0.8923 0.8833
00 271.460 270.545 0.9768 0.9670
00 271.460 270.623 0.9923 0.9824
00 271.517 270.762 0.8443 0.8358
00 271.869 271.012 0.8873 0.8784
00 271.460 270.566 0.9729 0.9631
00 271.460 270.613 0.9905 0.9806
00 272.090 271.282 0.8415 0.8331
00 272.128 271.285 0.8845 0.8756
00 271.470 270.588 0.9727 0.9630
00 271.625 270.743 0.9872 0.9773
00 272.036 271.321 0.8382 0.8298
00 272.292 271.480 0.8952 0.8862
00 271.971 271.085 0.9733 0.9636
00 272.160 271.135 0.9747 0.9650
00 271.461 270.397 0.9713 0.9616
00 271.460 270.471 0.9861 0.9763
00 271.460 270.572 0.9949 0.9850
00 271.460 270.508 0.9816 0.9718
00 271.461 270.369 0.9616 0.9520
00 271.460 270.452 0.9820 0.9721
00 271.460 270.558 0.9935 0.9836
00 271.460 270.485 0.9768 0.9671
00 271.461 270.360 0.9512 0.9417
00 271.460 270.452 0.9791 0.9693
00 271.460 270.539 0.9918 0.9819
00 271.460 270.483 0.9747 0.9649
00 271.461 270.370 0.9422 0.9328
00 271.460 270.477 0.9777 0.9680
00 271.460 270.543 0.9916 0.9817
00 271.460 270.464 0.9811 0.9713
00 271.461 270.377 0.9372 0.9278
00 271.460 270.514 0.9781 0.9683
00 271.460 270.546 0.9915 0.9816
00 271.460 270.478 0.9854 0.9756
00 271.461 270.400 0.9308 0.9215
00 271.460 270.524 0.9778 0.9680
00 271.460 270.552 0.9918 0.9818
00 271.460 270.545 0.9903 0.9804
00 271.461 270.459 0.9235 0.9142
00 271.460 270.522 0.9763 0.9665
00 271.460 270.551 0.9913 0.9814
00 271.460 270.576 0.9926 0.9826
00 271.461 270.537 0.9182 0.9090
00 271.460 270.517 0.9745 0.9647
00 271.460 270.544 0.9904 0.9805
00 271.460 270.586 0.9933 0.9834
00 271.461 270.602 0.9148 0.9057
00 271.460 270.515 0.9735 0.9637
00 271.460 270.517 0.9881 0.9782
00 271.460 270.597 0.9941 0.9841
00 271.461 270.640 0.9104 0.9013
00 271.460 270.512 0.9723 0.9626
00 271.460 270.486 0.9851 0.9752
00 271.460 270.606 0.9945 0.9846
00 271.461 270.612 0.8999 0.8909
00 271.460 270.496 0.9682 0.9586
00 271.460 270.457 0.9816 0.9718
00 271.460 270.611 0.9946 0.9847
00 271.461 270.532 0.8835 0.8746
00 271.460 270.438 0.9563 0.9468
00 271.460 270.435 0.9780 0.9683
00 271.460 270.615 0.9946 0.9846
00 271.461 270.502 0.8753 0.8665
00 271.460 270.364 0.9380 0.9286
00 271.460 270.451 0.9773 0.9676
00 271.460 270.619 0.9944 0.9845
00 271.461 270.520 0.8721 0.8633
00 271.460 270.367 0.9265 0.9173
00 271.460 270.501 0.9799 0.9701
00 271.460 270.621 0.9941 0.9842
00 271.461 270.557 0.8722 0.8635
00 271.460 270.413 0.9161 0.9069
00 271.460 270.536 0.9807 0.9709
00 271.460 270.623 0.9935 0.9836
00 271.461 270.617 0.8816 0.8728
00 271.460 270.492 0.9066 0.8976
00 271.460 270.564 0.9801 0.9703
00 271.460 270.619 0.9924 0.9825
00 271.461 270.685 0.8798 0.8710
00 271.475 270.605 0.9005 0.8914
00 271.460 270.585 0.9794 0.9696
00 271.461 270.611 0.9905 0.9806
00 271.461 270.715 0.8612 0.8526
00 271.897 271.062 0.8968 0.8878
00 271.473 270.608 0.9789 0.9691
00 271.609 270.713 0.9862 0.9763
00 271.808 271.009 0.8494 0.8409
00 272.063 271.245 0.8941 0.8852
00 271.815 270.948 0.9791 0.9693
00 271.990 270.916 0.9693 0.9596
00 272.318 271.445 0.8456 0.8371
00 272.267 271.435 0.8952 0.8862
00 272.403 271.521 0.9798 0.9700
00 272.115 270.904 0.9473 0.9379
00 271.461 270.427 0.9742 0.9644
00 271.460 270.529 0.9905 0.9806
00 271.460 270.572 0.9956 0.9857
00 271.460 270.489 0.9793 0.9695
00 271.461 270.403 0.9683 0.9586
00 271.460 270.485 0.9865 0.9767
00 271.460 270.559 0.9943 0.9844
00 271.460 270.515 0.9832 0.9733
00 271.461 270.387 0.9602 0.9506
00 271.460 270.463 0.9830 0.9732
00 271.460 270.542 0.9926 0.9827
00 271.460 270.468 0.9796 0.9698
00 271.461 270.379 0.9498 0.9403
00 271.460 270.458 0.9797 0.9699
00 271.460 270.529 0.9913 0.9814
00 271.460 270.463 0.9802 0.9704
00 271.461 270.388 0.9433 0.9339
00 271.460 270.465 0.9768 0.9671
00 271.460 270.533 0.9913 0.9814
00 271.460 270.470 0.9834 0.9736
00 271.461 270.396 0.9394 0.9301
00 271.460 270.503 0.9782 0.9684
00 271.460 270.540 0.9914 0.9815
00 271.460 270.493 0.9865 0.9767
00 271.461 270.400 0.9344 0.9250
00 271.460 270.518 0.9790 0.9692
00 271.460 270.540 0.9912 0.9813
00 271.460 270.551 0.9905 0.9806
00 271.461 270.416 0.9280 0.9187
00 271.460 270.517 0.9775 0.9677
00 271.460 270.528 0.9900 0.9801
00 271.460 270.575 0.9923 0.9823
00 271.461 270.466 0.9221 0.9129
00 271.460 270.513 0.9754 0.9657
00 271.460 270.494 0.9873 0.9774
00 271.460 270.583 0.9930 0.9830
00 271.461 270.529 0.9181 0.9090
00 271.460 270.513 0.9744 0.9647
00 271.460 270.475 0.9854 0.9755
00 271.460 270.590 0.9934 0.9835
00 271.461 270.588 0.9146 0.9055
00 271.460 270.513 0.9736 0.9639
00 271.460 270.455 0.9822 0.9724
00 271.460 270.600 0.9938 0.9839
00 271.461 270.617 0.9095 0.9004
00 271.460 270.513 0.9719 0.9622
00 271.460 270.439 0.9780 0.9682
00 271.460 270.607 0.9940 0.9841
00 271.461 270.593 0.8989 0.8899
00 271.460 270.498 0.9670 0.9573
00 271.460 270.460 0.9780 0.9682
00 271.460 270.613 0.9940 0.9841
00 271.461 270.525 0.8853 0.8764
00 271.460 270.438 0.9531 0.9436
00 271.460 270.504 0.9805 0.9707
00 271.460 270.617 0.9938 0.9839
00 271.461 270.492 0.8771 0.8683
00 271.460 270.370 0.9335 0.9242
00 271.460 270.539 0.9825 0.9727
00 271.460 270.619 0.9933 0.9834
00 271.461 270.510 0.8743 0.8655
00 271.460 270.378 0.9223 0.9131
00 271.460 270.558 0.9832 0.9734
00 271.460 270.617 0.9925 0.9825
00 271.461 270.547 0.8747 0.8660
00 271.461 270.417 0.9116 0.9025
00 271.460 270.572 0.9823 0.9725
00 271.460 270.604 0.9906 0.9807
00 271.461 270.608 0.8904 0.8815
00 271.865 270.842 0.9026 0.8936
00 271.460 270.587 0.9816 0.9718
00 271.461 270.539 0.9843 0.9745
00 271.461 270.674 0.8989 0.8899
00 271.885 270.952 0.8974 0.8884
00 271.470 270.614 0.9821 0.9723
00 271.878 270.756 0.9639 0.9543
00 271.854 271.069 0.8851 0.8762
00 272.120 271.255 0.8983 0.8893
00 271.899 271.038 0.9817 0.9719
00 272.227 271.000 0.9449 0.9355
00 272.241 271.412 0.8675 0.8589
00 272.149 271.324 0.9012 0.8922
00 271.888 271.031 0.9806 0.9708
00 272.049 270.847 0.9272 0.9179
00 271.461 270.407 0.9667 0.9570
00 271.460 270.530 0.9893 0.9794
00 271.460 270.560 0.9945 0.9845
00 271.460 270.530 0.9853 0.9754
00 271.461 270.397 0.9591 0.9495
00 271.460 270.477 0.9839 0.9741
00 271.460 270.528 0.9921 0.9822
00 271.460 270.488 0.9832 0.9734
00 271.461 270.396 0.9501 0.9406
00 271.460 270.469 0.9804 0.9706
00 271.460 270.523 0.9912 0.9813
00 271.460 270.472 0.9832 0.9734
00 271.461 270.420 0.9462 0.9368
00 271.460 270.465 0.9771 0.9673
00 271.460 270.526 0.9911 0.9811
00 271.460 270.484 0.9852 0.9753
00 271.461 270.453 0.9460 0.9366
00 271.460 270.483 0.9767 0.9669
00 271.460 270.528 0.9909 0.9810
00 271.460 270.512 0.9877 0.9778
00 271.461 270.468 0.9458 0.9363
00 271.460 270.504 0.9779 0.9682
00 271.460 270.520 0.9901 0.9802
00 271.460 270.555 0.9906 0.9807
00 271.461 270.467 0.9431 0.9336
00 271.460 270.508 0.9773 0.9676
00 271.460 270.494 0.9881 0.9782
00 271.460 270.574 0.9920 0.9821
00 271.461 270.469 0.9380 0.9286
00 271.460 270.504 0.9756 0.9658
00 271.460 270.477 0.9864 0.9765
00 271.460 270.581 0.9927 0.9827
00 271.461 270.489 0.9320 0.9227
00 271.460 270.506 0.9747 0.9650
00 271.460 270.468 0.9850 0.9751
00 271.460 270.590 0.9931 0.9831
00 271.461 270.523 0.9246 0.9153
00 271.460 270.512 0.9745 0.9647
00 271.460 270.444 0.9815 0.9716
00 271.460 270.598 0.9933 0.9834
00 271.461 270.565 0.9183 0.9091
00 271.460 270.511 0.9733 0.9636
00 271.460 270.442 0.9794 0.9696
00 271.460 270.606 0.9934 0.9834
00 271.461 270.584 0.9115 0.9024
00 271.460 270.517 0.9713 0.9616
00 271.460 270.478 0.9812 0.9714
00 271.460 270.611 0.9931 0.9832
00 271.461 270.568 0.8996 0.8906
00 271.460 270.508 0.9654 0.9557
00 271.460 270.530 0.9847 0.9748
00 271.460 270.613 0.9926 0.9827
00 271.461 270.523 0.8879 0.8790
00 271.460 270.460 0.9524 0.9429
00 271.460 270.561 0.9861 0.9763
00 271.460 270.611 0.9917 0.9818
00 271.461 270.478 0.8801 0.8713
00 271.460 270.383 0.9316 0.9223
00 271.460 270.570 0.9848 0.9750
00 271.460 270.588 0.9892 0.9793
00 271.461 270.493 0.8772 0.8684
00 271.461 270.391 0.9194 0.9102
00 271.460 270.576 0.9826 0.9728
00 271.460 270.491 0.9801 0.9703
00 271.461 270.529 0.8762 0.8674
00 271.651 270.613 0.9103 0.9012
00 271.460 270.586 0.9820 0.9722
00 271.572 270.422 0.9582 0.9486
00 271.467 270.596 0.8896 0.8807
00 271.932 270.910 0.9016 0.8926
00 271.524 270.665 0.9826 0.9728
00 271.924 270.723 0.9426 0.9332
00 271.795 270.951 0.9099 0.9008
00 272.242 271.244 0.8946 0.8856
00 272.013 271.152 0.9823 0.9725
00 272.230 271.047 0.9241 0.9149
00 271.902 271.096 0.9111 0.9020
00 271.985 271.075 0.8913 0.8824
00 272.134 271.269 0.9805 0.9707
00 272.611 271.570 0.9047 0.8956
00 271.461 270.440 0.9736 0.9639
00 271.460 270.601 0.9942 0.9842
00 271.460 270.558 0.9947 0.9848
00 271.460 270.451 0.9764 0.9666
00 271.461 270.409 0.9661 0.9565
00 271.460 270.578 0.9922 0.9822
00 271.460 270.561 0.9946 0.9846
00 271.460 270.526 0.9850 0.9752
00 271.461 270.410 0.9596 0.9500
00 271.460 270.539 0.9885 0.9786
00 271.460 270.542 0.9933 0.9834
00 271.460 270.519 0.9858 0.9759
00 271.461 270.417 0.9524 0.9429
00 271.460 270.491 0.9827 0.9728
00 271.460 270.519 0.9913 0.9814
00 271.460 270.490 0.9853 0.9754
00 271.461 270.445 0.9504 0.9409
00 271.460 270.478 0.9780 0.9682
00 271.460 270.523 0.9910 0.9811
00 271.460 270.496 0.9865 0.9766
00 271.461 270.484 0.9513 0.9418
00 271.460 270.480 0.9771 0.9674
00 271.460 270.523 0.9907 0.9808
00 271.460 270.518 0.9883 0.9784
00 271.461 270.522 0.9523 0.9428
00 271.460 270.490 0.9760 0.9662
00 271.460 270.506 0.9894 0.9795
00 271.460 270.551 0.9904 0.9805
00 271.461 270.545 0.9517 0.9422
00 271.460 270.498 0.9760 0.9663
00 271.460 270.487 0.9878 0.9779
00 271.460 270.570 0.9917 0.9818
00 271.461 270.551 0.9498 0.9403
00 271.460 270.498 0.9752 0.9655
00 271.460 270.475 0.9864 0.9765
00 271.460 270.581 0.9922 0.9823
00 271.461 270.544 0.9473 0.9378
00 271.460 270.500 0.9748 0.9650
00 271.460 270.468 0.9850 0.9751
00 271.460 270.591 0.9925 0.9825
00 271.461 270.544 0.9432 0.9337
00 271.460 270.507 0.9749 0.9652
00 271.460 270.459 0.9833 0.9734
00 271.460 270.596 0.9923 0.9824
00 271.461 270.560 0.9368 0.9274
00 271.460 270.508 0.9744 0.9646
00 271.460 270.473 0.9828 0.9729
00 271.460 270.602 0.9920 0.9821
00 271.461 270.577 0.9288 0.9196
00 271.460 270.514 0.9730 0.9633
00 271.460 270.518 0.9850 0.9751
00 271.460 270.607 0.9915 0.9816
00 271.461 270.579 0.9189 0.9097
00 271.460 270.529 0.9704 0.9607
00 271.460 270.540 0.9861 0.9763
00 271.460 270.605 0.9906 0.9807
00 271.461 270.558 0.9058 0.8967
00 271.460 270.533 0.9653 0.9556
00 271.460 270.542 0.9848 0.9750
00 271.460 270.559 0.9861 0.9763
00 271.461 270.514 0.8925 0.8836
00 271.460 270.497 0.9557 0.9462
00 271.460 270.545 0.9822 0.9724
00 271.460 270.418 0.9723 0.9626
00 271.461 270.473 0.8837 0.8748
00 271.460 270.417 0.9366 0.9272
00 271.460 270.564 0.9818 0.9720
00 271.460 270.298 0.9531 0.9436
00 271.461 270.475 0.8791 0.8703
00 271.665 270.589 0.9203 0.9111
00 271.460 270.584 0.9820 0.9722
00 271.460 270.306 0.9381 0.9287
00 271.629 270.645 0.8771 0.8683
00 271.799 270.742 0.9097 0.9006
00 271.461 270.605 0.9829 0.9731
00 271.547 270.483 0.9183 0.9091
00 272.151 271.157 0.8840 0.8752
00 272.201 271.147 0.9007 0.8917
00 271.738 270.879 0.9823 0.9725
00 271.963 271.060 0.8961 0.8872
00 272.282 271.343 0.9003 0.8913
00 272.324 271.302 0.8928 0.8839
00 272.224 271.341 0.9821 0.9723
00 272.298 271.467 0.8886 0.8797
00 271.461 270.448 0.9743 0.9646
00 271.460 270.607 0.9946 0.9847
00 271.460 270.543 0.9937 0.9838
00 271.460 270.440 0.9731 0.9634
00 271.461 270.436 0.9558 0.9462
00 271.460 270.562 0.9889 0.9790
00 271.460 270.535 0.9925 0.9826
00 271.460 270.535 0.9875 0.9776
00 271.461 270.531 0.9567 0.9471
00 271.460 270.517 0.9766 0.9668
00 271.460 270.511 0.9895 0.9796
00 271.460 270.535 0.9892 0.9793
00 271.461 270.552 0.9542 0.9446
00 271.460 270.503 0.9757 0.9659
00 271.460 270.500 0.9880 0.9781
00 271.460 270.562 0.9903 0.9804
00 271.461 270.597 0.9535 0.9440
00 271.460 270.498 0.9753 0.9655
00 271.460 270.489 0.9868 0.9769
00 271.460 270.574 0.9906 0.9807
00 271.461 270.625 0.9541 0.9445
00 271.460 270.495 0.9747 0.9650
00 271.460 270.481 0.9856 0.9757
00 271.460 270.584 0.9908 0.9809
00 271.461 270.625 0.9538 0.9442
00 271.460 270.498 0.9744 0.9647
00 271.460 270.480 0.9849 0.9750
00 271.460 270.593 0.9905 0.9806
00 271.461 270.613 0.9519 0.9424
00 271.460 270.505 0.9747 0.9649
00 271.460 270.497 0.9853 0.9754
00 271.460 270.603 0.9902 0.9803
00 271.461 270.600 0.9499 0.9404
00 271.460 270.509 0.9741 0.9643
00 271.460 270.519 0.9861 0.9763
00 271.460 270.598 0.9888 0.9789
00 271.461 270.601 0.9454 0.9360
00 271.460 270.524 0.9724 0.9627
00 271.460 270.530 0.9860 0.9761
00 271.460 270.508 0.9804 0.9706
00 271.461 270.605 0.9372 0.9279
00 271.460 270.551 0.9697 0.9600
00 271.460 270.532 0.9845 0.9746
00 271.460 270.348 0.9629 0.9532
00 271.461 270.597 0.9258 0.9165
00 271.460 270.563 0.9669 0.9572
00 271.460 270.540 0.9825 0.9727
00 271.460 270.304 0.9474 0.9379
00 271.461 270.544 0.9090 0.8999
00 271.574 270.650 0.9608 0.9512
00 271.460 270.564 0.9821 0.9723
00 271.461 270.349 0.9308 0.9214
00 271.461 270.485 0.8927 0.8838
00 271.889 270.883 0.9458 0.9363
00 271.479 270.601 0.9826 0.9728
00 271.532 270.548 0.9087 0.8996
00 271.829 270.793 0.8842 0.8754
00 272.081 270.995 0.9253 0.9161
00 272.152 271.275 0.9839 0.9741
00 272.356 271.405 0.8996 0.8906
00 272.313 271.222 0.8807 0.8719
00 272.698 271.554 0.9138 0.9047
00 272.520 271.622 0.9820 0.9722
00 272.618 271.677 0.8903 0.8814
00 272.540 271.438 0.8812 0.8724
00 272.547 271.455 0.9045 0.8955
00 272.438 271.525 0.9795 0.9697
00 272.656 271.740 0.8843 0.8755
00 271.461 270.538 0.9568 0.9472
00 271.460 270.506 0.9761 0.9664
00 271.460 270.543 0.9902 0.9803
00 271.460 270.565 0.9887 0.9789
00 271.461 270.579 0.9563 0.9467
00 271.460 270.512 0.9760 0.9662
00 271.460 270.525 0.9886 0.9787
00 271.460 270.581 0.9894 0.9795
00 271.461 270.612 0.9562 0.9467
00 271.460 270.505 0.9750 0.9652
00 271.460 270.511 0.9874 0.9775
00 271.460 270.596 0.9895 0.9796
00 271.461 270.643 0.9555 0.9460
00 271.460 270.498 0.9741 0.9644
00 271.460 270.514 0.9870 0.9771
00 271.460 270.587 0.9877 0.9778
00 271.461 270.662 0.9549 0.9453
00 271.460 270.496 0.9737 0.9640
00 271.460 270.527 0.9871 0.9772
00 271.460 270.539 0.9823 0.9725
00 271.461 270.665 0.9549 0.9453
00 271.460 270.503 0.9747 0.9650
00 271.460 270.533 0.9868 0.9769
00 271.460 270.418 0.9694 0.9597
00 271.461 270.654 0.9544 0.9449
00 271.460 270.508 0.9738 0.9640
00 271.460 270.535 0.9862 0.9764
00 271.460 270.325 0.9536 0.9440
00 271.461 270.639 0.9527 0.9432
00 271.460 270.532 0.9714 0.9617
00 271.460 270.542 0.9854 0.9756
00 271.460 270.343 0.9369 0.9275
00 271.461 270.628 0.9505 0.9410
00 271.460 270.568 0.9699 0.9602
00 271.460 270.549 0.9842 0.9744
00 271.460 270.421 0.9187 0.9095
00 271.461 270.624 0.9467 0.9372
00 271.484 270.610 0.9687 0.9590
00 271.460 270.569 0.9845 0.9747
00 271.491 270.543 0.9043 0.8953
00 271.461 270.609 0.9385 0.9291
00 271.947 271.047 0.9648 0.9552
00 271.470 270.597 0.9847 0.9749
00 272.241 271.270 0.8972 0.8883
00 272.249 271.272 0.9251 0.9158
00 272.716 271.736 0.9550 0.9455
00 272.317 271.413 0.9845 0.9747
00 272.454 271.496 0.8935 0.8846
00 272.845 271.741 0.9089 0.8998
00 272.794 271.730 0.9369 0.9275
00 272.639 271.707 0.9794 0.9696
00 272.611 271.669 0.8875 0.8787
00 272.911 271.755 0.8930 0.8841
00 273.098 271.949 0.9173 0.9082
00 272.888 271.953 0.9775 0.9677
00 272.711 271.809 0.8852 0.8763
00 271.460 270.455 0.9860 0.9762
00 271.460 270.524 0.9861 0.9762
00 271.460 270.581 0.9936 0.9836
00 271.460 270.506 0.9874 0.9776
00 271.460 270.445 0.9841 0.9742
00 271.460 270.479 0.9810 0.9712
00 271.460 270.558 0.9919 0.9820
00 271.460 270.463 0.9834 0.9735
00 271.460 270.409 0.9803 0.9705
00 271.460 270.439 0.9755 0.9657
00 271.460 270.531 0.9899 0.9800
00 271.460 270.444 0.9806 0.9708
00 271.460 270.349 0.9727 0.9630
00 271.460 270.426 0.9695 0.9598
00 271.460 270.541 0.9910 0.9811
00 271.460 270.440 0.9787 0.9689
00 271.460 270.309 0.9623 0.9526
00 271.460 270.440 0.9666 0.9569
00 271.460 270.565 0.9928 0.9829
00 271.460 270.443 0.9772 0.9674
00 271.460 270.306 0.9538 0.9442
00 271.460 270.433 0.9629 0.9533
00 271.460 270.571 0.9935 0.9836
00 271.460 270.446 0.9771 0.9673
00 271.460 270.314 0.9421 0.9327
00 271.460 270.433 0.9561 0.9466
00 271.460 270.570 0.9933 0.9834
00 271.460 270.452 0.9786 0.9688
00 271.460 270.363 0.9293 0.9200
00 271.460 270.455 0.9514 0.9419
00 271.460 270.571 0.9931 0.9832
00 271.460 270.453 0.9798 0.9700
00 271.460 270.423 0.9177 0.9085
00 271.460 270.456 0.9580 0.9484
00 271.460 270.570 0.9928 0.9829
00 271.460 270.453 0.9805 0.9707
00 271.460 270.478 0.9069 0.8978
00 271.460 270.486 0.9649 0.9553
00 271.460 270.567 0.9924 0.9825
00 271.460 270.452 0.9821 0.9723
00 271.460 270.517 0.9006 0.8916
00 271.460 270.495 0.9675 0.9578
00 271.460 270.567 0.9923 0.9824
00 271.460 270.461 0.9841 0.9743
00 271.460 270.540 0.8979 0.8889
00 271.460 270.486 0.9705 0.9608
00 271.460 270.559 0.9915 0.9816
00 271.460 270.482 0.9859 0.9761
00 271.460 270.552 0.8951 0.8861
00 271.460 270.459 0.9708 0.9611
00 271.460 270.558 0.9911 0.9812
00 271.460 270.521 0.9880 0.9781
00 271.460 270.581 0.8934 0.8845
00 271.460 270.459 0.9719 0.9622
00 271.460 270.554 0.9910 0.9810
00 271.460 270.541 0.9891 0.9792
00 271.460 270.604 0.8903 0.8814
00 271.460 270.486 0.9734 0.9637
00 271.460 270.552 0.9910 0.9811
00 271.460 270.549 0.9899 0.9800
00 272.066 271.163 0.8884 0.8795
00 271.675 270.703 0.9736 0.9639
00 271.460 270.552 0.9911 0.9811
00 271.461 270.552 0.9902 0.9803
00 272.528 271.608 0.8897 0.8808
00 271.980 270.984 0.9709 0.9612
00 271.641 270.729 0.9911 0.9811
00 271.782 270.867 0.9900 0.9801
00 272.928 271.991 0.8893 0.8804
00 272.605 271.581 0.9704 0.9607
00 272.516 271.583 0.9916 0.9817
00 272.269 271.343 0.9919 0.9819
00 271.460 270.472 0.9866 0.9767
00 271.460 270.520 0.9857 0.9758
00 271.460 270.580 0.9936 0.9836
00 271.460 270.504 0.9869 0.9770
00 271.460 270.463 0.9848 0.9749
00 271.460 270.466 0.9793 0.9695
00 271.460 270.571 0.9927 0.9828
00 271.460 270.466 0.9827 0.9729
00 271.460 270.438 0.9825 0.9727
00 271.460 270.447 0.9735 0.9637
00 271.460 270.544 0.9907 0.9808
00 271.460 270.446 0.9790 0.9692
00 271.460 270.387 0.9767 0.9669
00 271.460 270.461 0.9702 0.9605
00 271.460 270.526 0.9896 0.9797
00 271.460 270.430 0.9745 0.9648
00 271.460 270.320 0.9651 0.9554
00 271.460 270.449 0.9672 0.9576
00 271.460 270.541 0.9908 0.9809
00 271.460 270.434 0.9708 0.9611
00 271.460 270.296 0.9562 0.9466
00 271.460 270.436 0.9628 0.9532
00 271.460 270.562 0.9923 0.9824
00 271.460 270.454 0.9706 0.9609
00 271.460 270.302 0.9471 0.9376
00 271.460 270.443 0.9560 0.9464
00 271.460 270.570 0.9930 0.9831
00 271.460 270.444 0.9714 0.9617
00 271.460 270.336 0.9350 0.9257
00 271.460 270.441 0.9530 0.9435
00 271.460 270.570 0.9930 0.9831
00 271.460 270.440 0.9753 0.9656
00 271.460 270.384 0.9239 0.9146
00 271.460 270.438 0.9641 0.9545
00 271.460 270.569 0.9927 0.9827
00 271.460 270.445 0.9784 0.9686
00 271.460 270.447 0.9129 0.9038
00 271.460 270.491 0.9709 0.9612
00 271.460 270.566 0.9921 0.9822
00 271.460 270.449 0.9802 0.9704
00 271.460 270.498 0.9042 0.8952
00 271.460 270.538 0.9751 0.9654
00 271.460 270.562 0.9916 0.9817
00 271.460 270.456 0.9823 0.9725
00 271.460 270.521 0.8992 0.8902
00 271.460 270.540 0.9766 0.9668
00 271.460 270.556 0.9908 0.9809
00 271.460 270.470 0.9842 0.9744
00 271.460 270.537 0.8958 0.8869
00 271.460 270.523 0.9752 0.9655
00 271.460 270.556 0.9902 0.9803
00 271.460 270.493 0.9858 0.9760
00 271.460 270.562 0.8933 0.8843
00 271.460 270.508 0.9753 0.9656
00 271.460 270.556 0.9900 0.9801
00 271.460 270.525 0.9877 0.9778
00 271.600 270.720 0.8910 0.8821
00 271.564 270.585 0.9742 0.9644
00 271.460 270.551 0.9896 0.9797
00 271.460 270.540 0.9889 0.9790
00 272.568 271.606 0.8908 0.8819
00 272.574 271.524 0.9717 0.9620
00 271.476 270.562 0.9895 0.9796
00 271.799 270.879 0.9895 0.9796
00 272.931 271.959 0.8881 0.8792
00 272.945 271.873 0.9682 0.9585
00 272.579 271.642 0.9906 0.9807
00 272.972 272.031 0.9896 0.9797
00 272.665 271.758 0.8877 0.8788
00 273.014 271.963 0.9694 0.9597
00 272.753 271.818 0.9903 0.9804
00 273.066 272.105 0.9870 0.9771
00 271.460 270.488 0.9870 0.9771
00 271.460 270.495 0.9834 0.9736
00 271.460 270.563 0.9927 0.9827
00 271.460 270.513 0.9863 0.9764
00 271.460 270.481 0.9855 0.9756
00 271.460 270.443 0.9762 0.9664
00 271.460 270.573 0.9929 0.9830
00 271.460 270.481 0.9818 0.9720
00 271.460 270.469 0.9844 0.9745
00 271.460 270.459 0.9726 0.9629
00 271.460 270.564 0.9922 0.9823
00 271.460 270.461 0.9762 0.9664
00 271.460 270.433 0.9806 0.9708
00 271.460 270.470 0.9698 0.9601
00 271.460 270.536 0.9900 0.9801
00 271.460 270.450 0.9722 0.9625
00 271.460 270.372 0.9712 0.9615
00 271.460 270.443 0.9637 0.9541
00 271.460 270.523 0.9892 0.9793
00 271.460 270.444 0.9704 0.9607
00 271.460 270.311 0.9602 0.9506
00 271.460 270.448 0.9589 0.9493
00 271.460 270.534 0.9900 0.9801
00 271.460 270.439 0.9695 0.9598
00 271.460 270.296 0.9519 0.9424
00 271.460 270.457 0.9546 0.9450
00 271.460 270.550 0.9912 0.9813
00 271.460 270.453 0.9703 0.9606
00 271.460 270.310 0.9413 0.9319
00 271.460 270.407 0.9585 0.9489
00 271.460 270.560 0.9919 0.9820
00 271.460 270.454 0.9708 0.9611
00 271.460 270.346 0.9308 0.9214
00 271.460 270.425 0.9687 0.9590
00 271.460 270.561 0.9919 0.9820
00 271.460 270.438 0.9737 0.9640
00 271.460 270.393 0.9205 0.9113
00 271.460 270.480 0.9740 0.9643
00 271.460 270.558 0.9915 0.9816
00 271.460 270.440 0.9777 0.9679
00 271.460 270.454 0.9100 0.9009
00 271.460 270.532 0.9774 0.9676
00 271.460 270.552 0.9908 0.9809
00 271.460 270.444 0.9803 0.9705
00 271.460 270.499 0.9030 0.8940
00 271.460 270.540 0.9787 0.9689
00 271.460 270.547 0.9900 0.9801
00 271.460 270.462 0.9827 0.9729
00 271.460 270.514 0.8989 0.8899
00 271.460 270.515 0.9759 0.9661
00 271.460 270.545 0.9893 0.9794
00 271.460 270.481 0.9844 0.9745
00 271.460 270.529 0.8958 0.8868
00 271.460 270.473 0.9719 0.9622
00 271.460 270.544 0.9886 0.9787
00 271.460 270.510 0.9861 0.9762
00 271.463 270.570 0.8939 0.8849
00 271.487 270.466 0.9684 0.9587
00 271.460 270.544 0.9878 0.9780
00 271.460 270.530 0.9875 0.9776
00 271.924 271.029 0.8922 0.8833
00 271.948 270.902 0.9663 0.9566
00 271.461 270.537 0.9869 0.9771
00 271.791 270.863 0.9884 0.9785
00 272.478 271.557 0.8923 0.8834
00 272.641 271.595 0.9698 0.9601
00 272.012 271.069 0.9868 0.9770
00 272.225 271.290 0.9881 0.9782
00 272.455 271.568 0.8902 0.8813
00 272.784 271.752 0.9718 0.9621
00 272.558 271.608 0.9882 0.9784
00 272.954 271.987 0.9855 0.9757
00 271.460 270.502 0.9877 0.9778
00 271.460 270.454 0.9802 0.9704
00 271.460 270.543 0.9914 0.9814
00 271.460 270.502 0.9842 0.9744
00 271.460 270.493 0.9863 0.9764
00 271.460 270.415 0.9738 0.9640
00 271.460 270.555 0.9919 0.9820
00 271.460 270.473 0.9779 0.9682
00 271.460 270.488 0.9853 0.9755
00 271.460 270.464 0.9724 0.9626
00 271.460 270.566 0.9924 0.9825
00 271.460 270.463 0.9739 0.9642
00 271.460 270.472 0.9834 0.9736
00 271.460 270.463 0.9665 0.9568
00 271.460 270.563 0.9921 0.9822
00 271.460 270.457 0.9724 0.9626
00 271.460 270.443 0.9778 0.9680
00 271.460 270.462 0.9581 0.9485
00 271.460 270.544 0.9906 0.9807
00 271.460 270.450 0.9716 0.9619
00 271.460 270.369 0.9680 0.9583
00 271.460 270.473 0.9557 0.9462
00 271.460 270.533 0.9897 0.9798
00 271.460 270.444 0.9708 0.9611
00 271.460 270.314 0.9579 0.9484
00 271.460 270.430 0.9539 0.9444
00 271.460 270.533 0.9896 0.9797
00 271.460 270.442 0.9703 0.9606
00 271.460 270.304 0.9492 0.9397
00 271.460 270.388 0.9649 0.9552
00 271.460 270.535 0.9898 0.9799
00 271.460 270.455 0.9706 0.9609
00 271.460 270.318 0.9393 0.9299
00 271.460 270.440 0.9724 0.9627
00 271.460 270.540 0.9900 0.9801
00 271.460 270.455 0.9709 0.9612
00 271.460 270.345 0.9302 0.9209
00 271.460 270.499 0.9761 0.9664
00 271.460 270.540 0.9899 0.9800
00 271.460 270.442 0.9744 0.9647
00 271.460 270.384 0.9197 0.9105
00 271.460 270.503 0.9741 0.9644
00 271.460 270.537 0.9895 0.9796
00 271.460 270.444 0.9786 0.9688
00 271.460 270.442 0.9088 0.8997
00 271.460 270.497 0.9724 0.9627
00 271.460 270.532 0.9888 0.9789
00 271.460 270.451 0.9809 0.9711
00 271.460 270.489 0.9023 0.8932
00 271.460 270.484 0.9711 0.9614
00 271.460 270.530 0.9882 0.9783
00 271.460 270.475 0.9832 0.9734
00 271.460 270.506 0.8979 0.8889
00 271.482 270.496 0.9705 0.9608
00 271.460 270.532 0.9875 0.9777
00 271.460 270.498 0.9847 0.9749
00 271.603 270.657 0.8950 0.8861
00 271.746 270.738 0.9692 0.9595
00 271.644 270.714 0.9871 0.9773
00 271.480 270.542 0.9861 0.9763
00 272.142 271.188 0.8944 0.8855
00 272.149 271.135 0.9686 0.9590
00 272.375 271.428 0.9885 0.9786
00 272.163 271.220 0.9872 0.9773
00 272.618 271.657 0.8945 0.8855
00 272.525 271.514 0.9705 0.9608
00 272.872 271.912 0.9857 0.9758
00 273.145 272.175 0.9864 0.9765
00 273.042 272.070 0.8910 0.8821
00 272.978 271.955 0.9692 0.9595
00 273.413 272.448 0.9849 0.9750
00 273.883 272.885 0.9844 0.9745
00 271.460 270.537 0.9903 0.9804
00 271.460 270.540 0.9876 0.9777
00 271.460 270.537 0.9906 0.9807
00 271.460 270.511 0.9862 0.9763
00 271.460 270.523 0.9888 0.9789
00 271.460 270.419 0.9780 0.9682
00 271.460 270.539 0.9901 0.9802
00 271.460 270.472 0.9801 0.9703
00 271.460 270.512 0.9878 0.9779
00 271.460 270.400 0.9732 0.9634
00 271.460 270.537 0.9900 0.9801
00 271.460 270.458 0.9756 0.9659
00 271.460 270.501 0.9863 0.9764
00 271.460 270.463 0.9720 0.9623
00 271.460 270.545 0.9908 0.9809
00 271.460 270.453 0.9737 0.9640
00 271.460 270.486 0.9841 0.9742
00 271.460 270.469 0.9625 0.9529
00 271.460 270.558 0.9918 0.9818
00 271.460 270.449 0.9728 0.9631
00 271.460 270.492 0.9819 0.9721
00 271.460 270.460 0.9561 0.9465
00 271.460 270.562 0.9921 0.9821
00 271.460 270.443 0.9717 0.9620
00 271.460 270.463 0.9775 0.9678
00 271.460 270.442 0.9555 0.9460
00 271.460 270.557 0.9917 0.9818
00 271.460 270.437 0.9701 0.9604
00 271.460 270.372 0.9671 0.9574
00 271.460 270.398 0.9623 0.9527
00 271.460 270.549 0.9909 0.9810
00 271.460 270.436 0.9695 0.9598
00 271.460 270.327 0.9579 0.9483
00 271.460 270.412 0.9694 0.9597
00 271.460 270.540 0.9900 0.9801
00 271.460 270.450 0.9699 0.9602
00 271.460 270.312 0.9497 0.9402
00 271.460 270.462 0.9736 0.9639
00 271.460 270.534 0.9893 0.9794
00 271.460 270.465 0.9705 0.9608
00 271.460 270.314 0.9405 0.9311
00 271.460 270.484 0.9747 0.9650
00 271.460 270.530 0.9889 0.9790
00 271.460 270.453 0.9717 0.9620
00 271.460 270.336 0.9309 0.9216
00 271.460 270.482 0.9741 0.9644
00 271.460 270.528 0.9886 0.9787
00 271.460 270.445 0.9766 0.9668
00 271.460 270.378 0.9203 0.9111
00 271.460 270.498 0.9740 0.9643
00 271.460 270.528 0.9883 0.9784
00 271.460 270.451 0.9800 0.9702
00 271.460 270.433 0.9099 0.9008
00 271.460 270.502 0.9710 0.9613
00 271.460 270.527 0.9878 0.9779
00 271.460 270.471 0.9822 0.9724
00 271.468 270.489 0.9020 0.8930
00 271.484 270.516 0.9674 0.9577
00 271.460 270.527 0.9874 0.9775
00 271.461 270.476 0.9814 0.9716
00 271.865 270.876 0.8979 0.8889
00 271.878 270.892 0.9681 0.9584
00 271.466 270.532 0.9866 0.9768
00 271.829 270.860 0.9825 0.9726
00 272.624 271.567 0.8961 0.8872
00 272.472 271.478 0.9712 0.9615
00 272.331 271.378 0.9882 0.9783
00 272.256 271.292 0.9839 0.9740
00 273.193 272.089 0.8911 0.8822
00 273.537 272.505 0.9684 0.9587
00 273.379 272.404 0.9835 0.9737
00 272.995 272.016 0.9839 0.9741
00 273.394 272.307 0.8866 0.8777
00 273.686 272.651 0.9693 0.9596
00 274.042 273.059 0.9843 0.9744
00 273.826 272.827 0.9833 0.9735
00 271.460 270.538 0.9919 0.9820
00 271.460 270.553 0.9915 0.9816
00 271.460 270.509 0.9885 0.9786
00 271.460 270.507 0.9880 0.9781
00 271.460 270.548 0.9910 0.9811
00 271.460 270.498 0.9851 0.9752
00 271.460 270.526 0.9886 0.9787
00 271.460 270.479 0.9824 0.9726
00 271.460 270.550 0.9907 0.9808
00 271.460 270.407 0.9775 0.9677
00 271.460 270.537 0.9892 0.9793
00 271.460 270.456 0.9779 0.9682
00 271.460 270.538 0.9895 0.9796
00 271.460 270.397 0.9735 0.9638
00 271.460 270.537 0.9890 0.9791
00 271.460 270.451 0.9760 0.9663
00 271.460 270.517 0.9873 0.9774
00 271.460 270.460 0.9701 0.9604
00 271.460 270.535 0.9890 0.9791
00 271.460 270.449 0.9743 0.9645
00 271.460 270.489 0.9839 0.9740
00 271.460 270.475 0.9633 0.9536
00 271.460 270.539 0.9897 0.9798
00 271.460 270.445 0.9729 0.9632
00 271.460 270.500 0.9822 0.9724
00 271.460 270.444 0.9613 0.9517
00 271.460 270.544 0.9903 0.9804
00 271.460 270.438 0.9707 0.9610
00 271.460 270.517 0.9822 0.9724
00 271.460 270.410 0.9638 0.9542
00 271.460 270.547 0.9906 0.9807
00 271.460 270.434 0.9690 0.9593
00 271.460 270.482 0.9790 0.9692
00 271.460 270.406 0.9682 0.9585
00 271.460 270.549 0.9908 0.9809
00 271.460 270.442 0.9685 0.9589
00 271.460 270.403 0.9695 0.9598
00 271.460 270.438 0.9722 0.9625
00 271.460 270.547 0.9907 0.9808
00 271.460 270.447 0.9673 0.9576
00 271.460 270.358 0.9610 0.9514
00 271.460 270.461 0.9740 0.9643
00 271.460 270.544 0.9905 0.9806
00 271.460 270.459 0.9674 0.9578
00 271.460 270.332 0.9534 0.9439
00 271.460 270.474 0.9749 0.9651
00 271.460 270.544 0.9903 0.9804
00 271.460 270.460 0.9691 0.9594
00 271.460 270.315 0.9437 0.9343
00 271.460 270.497 0.9765 0.9667
00 271.460 270.544 0.9900 0.9801
00 271.460 270.447 0.9743 0.9645
00 271.460 270.331 0.9341 0.9248
00 271.460 270.521 0.9776 0.9678
00 271.460 270.542 0.9894 0.9796
00 271.460 270.451 0.9789 0.9691
00 271.460 270.367 0.9239 0.9146
00 271.460 270.534 0.9765 0.9668
00 271.460 270.536 0.9886 0.9787
00 271.460 270.464 0.9810 0.9712
00 271.460 270.416 0.9133 0.9042
00 271.479 270.552 0.9733 0.9635
00 271.460 270.533 0.9879 0.9780
00 271.466 270.475 0.9798 0.9700
00 271.543 270.542 0.9048 0.8957
00 271.839 270.888 0.9708 0.9611
00 271.530 270.601 0.9873 0.9774
00 271.833 270.861 0.9816 0.9717
00 272.260 271.224 0.8991 0.8901
00 272.393 271.422 0.9714 0.9617
00 272.278 271.324 0.9878 0.9780
00 272.634 271.656 0.9829 0.9731
00 273.119 272.015 0.8960 0.8870
00 273.417 272.408 0.9641 0.9544
00 273.192 272.225 0.9847 0.9748
00 273.344 272.355 0.9808 0.9710
00 272.977 271.905 0.8927 0.8838
00 273.691 272.666 0.9662 0.9566
00 273.636 272.677 0.9867 0.9768
00 273.235 272.246 0.9821 0.9723
00 271.460 270.550 0.9935 0.9836
00 271.460 270.556 0.9919 0.9820
00 271.460 270.501 0.9890 0.9792
00 271.460 270.518 0.9894 0.9795
00 271.460 270.535 0.9913 0.9814
00 271.460 270.565 0.9902 0.9803
00 271.460 270.497 0.9862 0.9764
00 271.460 270.482 0.9839 0.9741
00 271.460 270.556 0.9918 0.9819
00 271.460 270.491 0.9837 0.9738
00 271.460 270.518 0.9874 0.9775
00 271.460 270.465 0.9798 0.9700
00 271.460 270.564 0.9918 0.9818
00 271.460 270.405 0.9770 0.9672
00 271.460 270.526 0.9882 0.9783
00 271.460 270.461 0.9774 0.9676
00 271.460 270.556 0.9906 0.9807
00 271.460 270.397 0.9734 0.9637
00 271.460 270.532 0.9886 0.9787
00 271.460 270.453 0.9745 0.9648
00 271.460 270.532 0.9880 0.9781
00 271.460 270.458 0.9698 0.9601
00 271.460 270.534 0.9885 0.9786
00 271.460 270.448 0.9733 0.9636
00 271.460 270.496 0.9840 0.9741
00 271.460 270.480 0.9676 0.9579
00 271.460 270.530 0.9882 0.9783
00 271.460 270.447 0.9719 0.9622
00 271.460 270.499 0.9818 0.9720
00 271.460 270.456 0.9687 0.9590
00 271.460 270.523 0.9878 0.9779
00 271.460 270.440 0.9697 0.9600
00 271.460 270.527 0.9824 0.9726
00 271.460 270.431 0.9695 0.9598
00 271.460 270.516 0.9874 0.9775
00 271.460 270.443 0.9675 0.9578
00 271.460 270.536 0.9834 0.9736
00 271.460 270.431 0.9713 0.9616
00 271.460 270.509 0.9868 0.9770
00 271.460 270.449 0.9640 0.9543
00 271.460 270.513 0.9817 0.9719
00 271.460 270.444 0.9727 0.9630
00 271.460 270.505 0.9867 0.9768
00 271.460 270.454 0.9624 0.9528
00 271.460 270.456 0.9749 0.9651
00 271.460 270.460 0.9741 0.9644
00 271.460 270.504 0.9869 0.9770
00 271.460 270.456 0.9632 0.9536
00 271.460 270.406 0.9666 0.9569
00 271.460 270.481 0.9758 0.9661
00 271.460 270.504 0.9874 0.9775
00 271.460 270.462 0.9664 0.9568
00 271.460 270.369 0.9590 0.9494
00 271.460 270.506 0.9775 0.9678
00 271.460 270.506 0.9879 0.9780
00 271.460 270.449 0.9727 0.9630
00 271.460 270.330 0.9493 0.9398
00 271.460 270.530 0.9783 0.9685
00 271.460 270.518 0.9886 0.9788
00 271.460 270.453 0.9780 0.9682
00 271.460 270.325 0.9389 0.9295
00 271.460 270.549 0.9781 0.9683
00 271.460 270.533 0.9893 0.9794
00 271.460 270.467 0.9807 0.9709
00 271.460 270.354 0.9293 0.9200
00 271.615 270.702 0.9774 0.9677
00 271.607 270.689 0.9897 0.9798
00 271.529 270.549 0.9817 0.9719
00 271.460 270.395 0.9213 0.9121
00 271.873 270.941 0.9757 0.9659
00 271.951 271.024 0.9887 0.9788
00 272.158 271.170 0.9800 0.9702
00 271.901 270.836 0.9121 0.9030
00 271.989 271.044 0.9736 0.9639
00 271.945 271.008 0.9860 0.9762
00 272.049 271.097 0.9828 0.9729
00 272.607 271.516 0.9059 0.8969
00 273.010 272.035 0.9752 0.9654
00 272.714 271.758 0.9847 0.9749
00 272.529 271.561 0.9826 0.9727
00 272.749 271.680 0.8987 0.8897
00 272.962 271.990 0.9683 0.9586
00 272.978 272.031 0.9849 0.9750
00 273.057 272.072 0.9801 0.9703
00 271.460 270.533 0.9912 0.9813
00 271.460 270.562 0.9898 0.9799
00 271.460 270.478 0.9851 0.9753
00 271.460 270.491 0.9831 0.9733
00 271.460 270.556 0.9920 0.9821
00 271.460 270.475 0.9825 0.9726
00 271.460 270.490 0.9860 0.9761
00 271.460 270.474 0.9794 0.9696
00 271.460 270.566 0.9920 0.9821
00 271.460 270.401 0.9760 0.9663
00 271.460 270.493 0.9869 0.9770
00 271.460 270.465 0.9757 0.9659
00 271.460 270.565 0.9913 0.9814
00 271.460 270.400 0.9742 0.9645
00 271.460 270.497 0.9872 0.9773
00 271.460 270.460 0.9741 0.9644
00 271.460 270.541 0.9888 0.9789
00 271.460 270.447 0.9712 0.9615
00 271.460 270.496 0.9871 0.9773
00 271.460 270.468 0.9739 0.9641
00 271.460 270.501 0.9843 0.9745
00 271.460 270.476 0.9698 0.9601
00 271.460 270.498 0.9870 0.9772
00 271.460 270.458 0.9717 0.9620
00 271.460 270.491 0.9809 0.9711
00 271.460 270.465 0.9711 0.9614
00 271.460 270.500 0.9870 0.9771
00 271.460 270.445 0.9690 0.9594
00 271.460 270.524 0.9816 0.9718
00 271.460 270.454 0.9718 0.9620
00 271.460 270.501 0.9869 0.9771
00 271.460 270.446 0.9645 0.9549
00 271.460 270.536 0.9826 0.9728
00 271.460 270.454 0.9727 0.9630
00 271.460 270.497 0.9864 0.9765
00 271.460 270.459 0.9587 0.9491
00 271.460 270.551 0.9843 0.9745
00 271.460 270.464 0.9737 0.9639
00 271.460 270.490 0.9855 0.9756
00 271.460 270.464 0.9566 0.9470
00 271.460 270.547 0.9843 0.9744
00 271.460 270.480 0.9748 0.9651
00 271.460 270.483 0.9846 0.9748
00 271.460 270.456 0.9592 0.9496
00 271.460 270.521 0.9813 0.9715
00 271.460 270.503 0.9766 0.9668
00 271.460 270.479 0.9842 0.9744
00 271.460 270.460 0.9648 0.9551
00 271.460 270.473 0.9750 0.9653
00 271.460 270.531 0.9781 0.9683
00 271.460 270.481 0.9844 0.9745
00 271.460 270.448 0.9722 0.9625
00 271.460 270.421 0.9664 0.9568
00 271.460 270.558 0.9789 0.9691
00 271.460 270.483 0.9849 0.9750
00 271.460 270.456 0.9777 0.9679
00 271.460 270.382 0.9578 0.9482
00 271.607 270.714 0.9796 0.9698
00 271.644 270.660 0.9855 0.9756
00 271.464 270.468 0.9795 0.9697
00 271.470 270.366 0.9477 0.9382
00 272.029 271.116 0.9798 0.9700
00 272.035 271.061 0.9869 0.9770
00 271.942 270.947 0.9800 0.9702
00 271.843 270.703 0.9364 0.9270
00 272.090 271.166 0.9800 0.9702
00 272.097 271.149 0.9881 0.9782
00 272.170 271.192 0.9808 0.9709
00 271.999 270.859 0.9274 0.9181
00 272.084 271.154 0.9778 0.9680
00 272.108 271.156 0.9855 0.9756
00 272.100 271.140 0.9806 0.9708
00 272.236 271.106 0.9201 0.9109
00 272.398 271.460 0.9787 0.9689
00 272.675 271.709 0.9843 0.9745
00 272.680 271.702 0.9796 0.9698
00 272.613 271.474 0.9159 0.9068
00 272.864 271.922 0.9776 0.9678
00 273.157 272.186 0.9838 0.9739
00 273.354 272.363 0.9770 0.9672
00 271.460 270.555 0.9935 0.9835
00 271.460 270.544 0.9916 0.9817
00 271.460 270.470 0.9865 0.9766
00 271.460 270.533 0.9884 0.9785
00 271.460 270.541 0.9917 0.9818
00 271.460 270.561 0.9898 0.9799
00 271.460 270.460 0.9837 0.9738
00 271.460 270.485 0.9823 0.9725
00 271.460 270.559 0.9925 0.9826
00 271.460 270.467 0.9814 0.9716
00 271.460 270.454 0.9827 0.9729
00 271.460 270.485 0.9790 0.9692
00 271.460 270.561 0.9921 0.9822
00 271.460 270.401 0.9755 0.9658
00 271.460 270.451 0.9831 0.9732
00 271.460 270.492 0.9771 0.9673
00 271.460 270.558 0.9913 0.9814
00 271.460 270.405 0.9760 0.9663
00 271.460 270.449 0.9836 0.9738
00 271.460 270.492 0.9765 0.9668
00 271.460 270.539 0.9889 0.9790
00 271.460 270.427 0.9740 0.9642
00 271.460 270.455 0.9840 0.9741
00 271.460 270.473 0.9745 0.9647
00 271.460 270.504 0.9847 0.9749
00 271.460 270.459 0.9705 0.9608
00 271.460 270.470 0.9851 0.9752
00 271.460 270.465 0.9729 0.9632
00 271.460 270.484 0.9804 0.9706
00 271.460 270.472 0.9725 0.9628
00 271.460 270.482 0.9861 0.9763
00 271.460 270.449 0.9699 0.9602
00 271.460 270.495 0.9789 0.9691
00 271.460 270.467 0.9735 0.9637
00 271.460 270.485 0.9865 0.9766
00 271.460 270.448 0.9645 0.9548
00 271.460 270.525 0.9808 0.9710
00 271.460 270.484 0.9751 0.9653
00 271.460 270.482 0.9861 0.9763
00 271.460 270.460 0.9592 0.9496
00 271.460 270.540 0.9825 0.9727
00 271.460 270.515 0.9770 0.9672
00 271.460 270.473 0.9851 0.9753
00 271.460 270.466 0.9575 0.9480
00 271.460 270.558 0.9842 0.9744
00 271.460 270.543 0.9790 0.9692
00 271.460 270.464 0.9836 0.9738
00 271.460 270.462 0.9599 0.9503
00 271.460 270.566 0.9851 0.9752
00 271.460 270.554 0.9799 0.9701
00 271.460 270.471 0.9831 0.9733
00 271.460 270.456 0.9662 0.9565
00 271.460 270.563 0.9847 0.9748
00 271.460 270.553 0.9791 0.9693
00 271.460 270.479 0.9833 0.9735
00 271.460 270.451 0.9736 0.9638
00 271.460 270.551 0.9829 0.9730
00 271.460 270.557 0.9784 0.9687
00 271.460 270.481 0.9833 0.9734
00 271.460 270.449 0.9760 0.9662
00 271.460 270.515 0.9777 0.9679
00 271.491 270.597 0.9800 0.9702
00 271.612 270.630 0.9835 0.9736
00 271.520 270.516 0.9771 0.9673
00 271.587 270.593 0.9702 0.9604
00 271.724 270.826 0.9776 0.9679
00 272.113 271.113 0.9838 0.9740
00 272.027 271.032 0.9787 0.9689
00 271.808 270.769 0.9616 0.9519
00 271.890 270.986 0.9796 0.9698
00 272.144 271.154 0.9848 0.9749
00 272.189 271.210 0.9789 0.9691
00 271.883 270.812 0.9509 0.9414
00 271.905 271.002 0.9811 0.9713
00 272.485 271.496 0.9858 0.9760
00 272.715 271.736 0.9790 0.9692
00 271.969 270.875 0.9413 0.9319
00 272.225 271.320 0.9837 0.9738
00 272.862 271.870 0.9830 0.9732
00 272.851 271.869 0.9777 0.9680
00 272.284 271.163 0.9331 0.9237
00 272.644 271.728 0.9809 0.9711
00 273.032 272.052 0.9825 0.9727
00 272.769 271.800 0.9778 0.9680
00 271.460 270.564 0.9939 0.9840
00 271.460 270.540 0.9918 0.9818
00 271.460 270.471 0.9865 0.9766
00 271.460 270.517 0.9873 0.9774
00 271.460 270.571 0.9932 0.9833
00 271.460 270.405 0.9769 0.9671
00 271.460 270.432 0.9801 0.9703
00 271.460 270.495 0.9774 0.9676
00 271.460 270.504 0.9857 0.9759
00 271.460 270.451 0.9749 0.9652
00 271.460 270.452 0.9821 0.9723
00 271.460 270.473 0.9743 0.9646
00 271.460 270.489 0.9819 0.9721
00 271.460 270.468 0.9720 0.9623
00 271.460 270.463 0.9822 0.9724
00 271.460 270.440 0.9693 0.9596
00 271.460 270.478 0.9780 0.9683
00 271.460 270.508 0.9763 0.9666
00 271.460 270.462 0.9831 0.9732
00 271.460 270.450 0.9669 0.9572
00 271.460 270.494 0.9779 0.9681
00 271.460 270.536 0.9785 0.9687
00 271.460 270.465 0.9839 0.9740
00 271.460 270.458 0.9639 0.9543
00 271.460 270.518 0.9798 0.9700
00 271.460 270.555 0.9800 0.9702
00 271.460 270.464 0.9838 0.9740
00 271.460 270.462 0.9627 0.9530
00 271.460 270.538 0.9816 0.9718
00 271.460 270.558 0.9804 0.9706
00 271.460 270.468 0.9835 0.9736
00 271.460 270.456 0.9654 0.9558
00 271.460 270.554 0.9831 0.9732
00 271.460 270.560 0.9801 0.9703
00 271.460 270.488 0.9854 0.9756
00 271.460 270.449 0.9706 0.9609
00 271.460 270.570 0.9845 0.9747
00 271.460 270.565 0.9796 0.9698
00 271.460 270.510 0.9877 0.9778
00 271.460 270.441 0.9732 0.9635
00 271.460 270.578 0.9853 0.9754
00 271.460 270.563 0.9784 0.9686
00 271.460 270.509 0.9875 0.9776
00 271.460 270.444 0.9744 0.9647
00 271.460 270.585 0.9855 0.9757
00 271.490 270.586 0.9771 0.9674
00 271.603 270.636 0.9853 0.9755
00 271.599 270.605 0.9781 0.9684
00 271.604 270.731 0.9850 0.9752
00 271.811 270.907 0.9771 0.9674
00 272.288 271.310 0.9874 0.9775
00 272.012 271.024 0.9782 0.9684
00 271.868 270.981 0.9825 0.9727
00 271.839 270.943 0.9770 0.9673
00 272.251 271.271 0.9841 0.9742
00 272.268 271.292 0.9778 0.9680
00 272.148 271.232 0.9778 0.9680
00 272.094 271.199 0.9780 0.9683
00 272.421 271.444 0.9859 0.9760
00 272.507 271.544 0.9798 0.9700
00 272.327 271.359 0.9716 0.9619
00 272.073 271.183 0.9774 0.9676
00 272.603 271.632 0.9846 0.9748
00 272.523 271.564 0.9786 0.9688
00 272.510 271.483 0.9613 0.9517
00 272.219 271.326 0.9795 0.9697
00 272.669 271.731 0.9862 0.9763
00 272.815 271.854 0.9771 0.9674
00 271.460 270.497 0.9840 0.9742
00 271.460 270.476 0.9728 0.9630
00 271.460 270.474 0.9814 0.9716
00 271.460 270.447 0.9713 0.9615
00 271.460 270.478 0.9798 0.9700
00 271.460 270.545 0.9787 0.9689
00 271.460 270.486 0.9830 0.9732
00 271.460 270.450 0.9698 0.9601
00 271.460 270.467 0.9773 0.9675
00 271.460 270.559 0.9800 0.9702
00 271.460 270.475 0.9833 0.9735
00 271.460 270.450 0.9686 0.9590
00 271.460 270.478 0.9768 0.9670
00 271.460 270.555 0.9803 0.9705
00 271.460 270.457 0.9826 0.9728
00 271.460 270.450 0.9686 0.9589
00 271.460 270.500 0.9779 0.9681
00 271.460 270.540 0.9788 0.9690
00 271.460 270.469 0.9847 0.9749
00 271.460 270.449 0.9705 0.9608
00 271.460 270.520 0.9797 0.9699
00 271.460 270.519 0.9759 0.9662
00 271.460 270.551 0.9905 0.9806
00 271.460 270.440 0.9718 0.9620
00 271.460 270.538 0.9813 0.9715
00 271.460 270.504 0.9734 0.9636
00 271.460 270.547 0.9905 0.9806
00 271.460 270.441 0.9728 0.9631
00 271.460 270.555 0.9830 0.9732
00 271.460 270.536 0.9735 0.9638
00 271.460 270.520 0.9882 0.9783
00 271.460 270.453 0.9747 0.9649
00 271.460 270.569 0.9841 0.9742
00 271.460 270.581 0.9774 0.9676
00 271.460 270.513 0.9867 0.9768
00 271.460 270.467 0.9759 0.9662
00 271.468 270.590 0.9842 0.9743
00 271.479 270.576 0.9781 0.9684
00 271.527 270.587 0.9859 0.9760
00 271.620 270.647 0.9773 0.9675
00 271.731 270.858 0.9837 0.9738
00 271.854 270.946 0.9765 0.9667
00 271.859 270.924 0.9859 0.9761
00 271.808 270.866 0.9795 0.9697
00 272.287 271.411 0.9855 0.9756
00 272.027 271.119 0.9746 0.9648
00 272.226 271.295 0.9866 0.9768
00 272.273 271.323 0.9804 0.9706
00 272.592 271.717 0.9840 0.9741
00 272.200 271.283 0.9736 0.9639
00 272.663 271.735 0.9877 0.9778
00 272.648 271.692 0.9775 0.9677
00 272.770 271.889 0.9821 0.9723
00 272.472 271.547 0.9729 0.9631
00 272.829 271.910 0.9878 0.9779
00 272.939 271.986 0.9771 0.9673
