00 271.524 270.693 0.9875 0.9777
00 272.122 271.090 0.9680 0.9583
00 272.029 270.951 0.9491 0.9396
00 272.817 271.887 0.9641 0.9545
00 271.481 270.624 0.9846 0.9748
00 272.019 271.003 0.9709 0.9612
00 271.848 270.759 0.9305 0.9212
00 272.705 271.783 0.9670 0.9573
00 271.476 270.600 0.9832 0.9734
00 271.922 270.962 0.9772 0.9674
00 271.925 270.890 0.9166 0.9075
00 272.682 271.736 0.9672 0.9575
00 271.460 270.558 0.9820 0.9722
00 271.555 270.642 0.9787 0.9689
00 271.752 270.810 0.9055 0.8965
00 272.715 271.742 0.9635 0.9539
00 271.460 270.497 0.9744 0.9646
00 271.460 270.516 0.9746 0.9649
00 271.460 270.573 0.9054 0.8963
00 271.847 270.903 0.9603 0.9507
00 271.460 270.423 0.9599 0.9503
00 271.460 270.508 0.9726 0.9629
00 271.460 270.583 0.9048 0.8958
00 271.460 270.542 0.9601 0.9505
00 271.460 270.382 0.9486 0.9391
00 271.460 270.499 0.9714 0.9616
00 271.460 270.603 0.9046 0.8956
00 271.460 270.552 0.9606 0.9510
00 271.460 270.418 0.9341 0.9247
00 271.460 270.484 0.9694 0.9597
00 271.460 270.633 0.9057 0.8966
00 271.460 270.555 0.9593 0.9497
00 271.460 270.489 0.9215 0.9123
00 271.460 270.493 0.9685 0.9589
00 271.460 270.663 0.9067 0.8976
00 271.460 270.569 0.9530 0.9435
00 271.460 270.518 0.9156 0.9064
00 271.460 270.500 0.9664 0.9567
00 271.460 270.704 0.9095 0.9004
00 271.468 270.579 0.9496 0.9401
00 271.460 270.531 0.9130 0.9038
00 271.460 270.500 0.9640 0.9543
00 271.486 270.777 0.9183 0.9091
00 271.567 270.662 0.9479 0.9384
00 271.460 270.568 0.9145 0.9053
00 271.458 270.506 0.9629 0.9532
00 271.710 270.958 0.9250 0.9158
00 271.919 270.982 0.9473 0.9379
00 271.459 270.633 0.9193 0.9101
00 271.731 270.763 0.9642 0.9546
00 272.316 271.422 0.9272 0.9179
00 272.455 271.478 0.9511 0.9416
00 271.551 270.744 0.9225 0.9133
00 272.171 271.180 0.9672 0.9576
00 272.259 271.280 0.9155 0.9064
00 272.635 271.639 0.9515 0.9420
00 271.639 270.817 0.9226 0.9134
00 272.301 271.327 0.9724 0.9627
00 272.250 271.271 0.8960 0.8871
00 272.844 271.820 0.9514 0.9419
00 271.718 270.879 0.9219 0.9127
00 272.349 271.382 0.9717 0.9619
00 272.057 271.200 0.8732 0.8644
00 272.862 271.819 0.9514 0.9419
00 272.107 271.236 0.9211 0.9119
00 272.406 271.410 0.9693 0.9596
00 272.499 271.701 0.8677 0.8590
00 272.835 271.786 0.9517 0.9422
00 272.174 271.287 0.9188 0.9096
00 272.804 271.775 0.9674 0.9577
00 272.422 271.734 0.8714 0.8627
00 272.855 271.806 0.9521 0.9426
00 272.415 271.571 0.9902 0.9803
00 272.340 271.312 0.9670 0.9574
00 272.336 271.250 0.9497 0.9402
00 272.990 272.050 0.9635 0.9539
00 272.193 271.327 0.9884 0.9785
00 272.113 271.106 0.9729 0.9632
00 272.165 271.052 0.9317 0.9224
00 272.802 271.873 0.9684 0.9587
00 271.887 271.008 0.9832 0.9734
00 271.861 270.932 0.9792 0.9695
00 272.062 271.007 0.9174 0.9083
00 272.718 271.767 0.9656 0.9559
00 271.460 270.575 0.9816 0.9717
00 271.490 270.559 0.9766 0.9668
00 271.505 270.581 0.9056 0.8965
00 272.313 271.366 0.9618 0.9522
00 271.460 270.541 0.9797 0.9699
00 271.460 270.498 0.9735 0.9637
00 271.460 270.575 0.9050 0.8959
00 271.490 270.575 0.9574 0.9478
00 271.460 270.473 0.9681 0.9584
00 271.460 270.501 0.9730 0.9633
00 271.460 270.590 0.9058 0.8968
00 271.460 270.549 0.9596 0.9500
00 271.460 270.412 0.9570 0.9474
00 271.460 270.485 0.9709 0.9612
00 271.460 270.607 0.9059 0.8969
00 271.460 270.560 0.9608 0.9512
00 271.460 270.385 0.9455 0.9360
00 271.460 270.473 0.9686 0.9589
00 271.460 270.633 0.9067 0.8976
00 271.460 270.569 0.9607 0.9511
00 271.460 270.435 0.9320 0.9227
00 271.460 270.485 0.9681 0.9584
00 271.460 270.666 0.9081 0.8990
00 271.460 270.578 0.9578 0.9482
00 271.460 270.495 0.9211 0.9119
00 271.460 270.492 0.9683 0.9586
00 271.460 270.711 0.9119 0.9028
00 271.464 270.580 0.9534 0.9439
00 271.460 270.518 0.9156 0.9065
00 271.460 270.465 0.9643 0.9547
00 271.485 270.772 0.9193 0.9101
00 271.573 270.683 0.9490 0.9395
00 271.460 270.550 0.9139 0.9048
00 271.486 270.479 0.9622 0.9526
00 271.770 271.012 0.9246 0.9153
00 272.257 271.310 0.9491 0.9396
00 271.460 270.577 0.9143 0.9051
00 271.614 270.607 0.9635 0.9539
00 272.018 271.173 0.9262 0.9169
00 272.432 271.450 0.9514 0.9419
00 271.571 270.691 0.9153 0.9062
00 272.045 271.025 0.9658 0.9561
00 272.268 271.339 0.9231 0.9139
00 272.620 271.608 0.9503 0.9408
00 271.958 271.057 0.9167 0.9075
00 272.313 271.330 0.9720 0.9623
00 272.366 271.383 0.9089 0.8998
00 273.046 272.001 0.9503 0.9408
00 272.315 271.375 0.9198 0.9106
00 272.349 271.394 0.9720 0.9622
00 272.432 271.493 0.8863 0.8774
00 273.095 272.040 0.9506 0.9411
00 272.291 271.324 0.9161 0.9069
00 272.697 271.728 0.9692 0.9595
00 272.382 271.564 0.8745 0.8658
00 273.017 271.964 0.9507 0.9412
00 272.117 271.120 0.9143 0.9052
00 272.841 271.859 0.9686 0.9589
00 272.351 271.658 0.8762 0.8674
00 272.858 271.814 0.9511 0.9416
00 272.387 271.543 0.9899 0.9800
00 272.178 271.171 0.9698 0.9601
00 272.383 271.317 0.9514 0.9419
00 273.136 272.169 0.9608 0.9512
00 272.261 271.398 0.9875 0.9776
00 272.069 271.122 0.9792 0.9695
00 272.182 271.069 0.9329 0.9236
00 273.005 272.055 0.9657 0.9560
00 271.786 270.915 0.9826 0.9728
00 271.686 270.752 0.9785 0.9688
00 271.824 270.780 0.9182 0.9091
00 272.837 271.884 0.9663 0.9566
00 271.460 270.586 0.9811 0.9713
00 271.460 270.489 0.9737 0.9639
00 271.460 270.529 0.9064 0.8974
00 272.120 271.181 0.9599 0.9503
00 271.460 270.568 0.9802 0.9704
00 271.460 270.493 0.9728 0.9631
00 271.460 270.575 0.9032 0.8942
00 271.460 270.548 0.9560 0.9465
00 271.460 270.529 0.9760 0.9662
00 271.460 270.496 0.9729 0.9632
00 271.460 270.612 0.9065 0.8974
00 271.460 270.543 0.9544 0.9448
00 271.460 270.459 0.9644 0.9547
00 271.460 270.493 0.9726 0.9629
00 271.460 270.626 0.9075 0.8985
00 271.460 270.544 0.9555 0.9460
00 271.460 270.410 0.9558 0.9462
00 271.460 270.486 0.9710 0.9613
00 271.462 270.649 0.9092 0.9001
00 271.461 270.545 0.9591 0.9495
00 271.460 270.388 0.9444 0.9350
00 271.460 270.479 0.9687 0.9590
00 271.540 270.749 0.9113 0.9022
00 271.502 270.595 0.9600 0.9504
00 271.460 270.437 0.9316 0.9222
00 271.460 270.495 0.9688 0.9591
00 271.501 270.754 0.9148 0.9056
00 271.546 270.651 0.9578 0.9482
00 271.460 270.481 0.9236 0.9144
00 271.490 270.528 0.9686 0.9589
00 271.488 270.768 0.9202 0.9110
00 271.616 270.715 0.9548 0.9452
00 271.460 270.500 0.9183 0.9091
00 271.675 270.702 0.9682 0.9585
00 271.924 271.155 0.9246 0.9153
00 272.237 271.297 0.9506 0.9411
00 271.460 270.524 0.9149 0.9058
00 271.863 270.885 0.9684 0.9587
00 272.113 271.290 0.9275 0.9182
00 272.504 271.542 0.9505 0.9410
00 271.508 270.572 0.9142 0.9051
00 272.038 271.073 0.9691 0.9594
00 272.130 271.277 0.9295 0.9202
00 272.591 271.606 0.9506 0.9411
00 271.870 270.895 0.9149 0.9058
00 272.269 271.306 0.9690 0.9593
00 272.243 271.337 0.9205 0.9113
00 272.722 271.707 0.9494 0.9399
00 272.068 271.054 0.9157 0.9065
00 272.731 271.753 0.9693 0.9596
00 272.277 271.361 0.9015 0.8925
00 272.958 271.913 0.9476 0.9381
00 272.066 271.031 0.9158 0.9066
00 272.918 271.942 0.9691 0.9594
00 272.660 271.787 0.8867 0.8778
00 272.850 271.809 0.9484 0.9389
00 272.240 271.165 0.9143 0.9052
00 273.548 272.557 0.9697 0.9600
00 272.855 272.090 0.8844 0.8755
00 273.174 272.112 0.9493 0.9398
00 272.259 271.402 0.9889 0.9790
00 272.071 271.110 0.9764 0.9667
00 272.485 271.437 0.9562 0.9466
00 273.196 272.237 0.9596 0.9500
00 272.205 271.344 0.9872 0.9773
00 272.241 271.316 0.9845 0.9747
00 272.398 271.269 0.9348 0.9254
00 273.123 272.167 0.9601 0.9505
00 271.631 270.769 0.9817 0.9719
00 271.757 270.806 0.9779 0.9681
00 271.748 270.700 0.9193 0.9102
00 272.231 271.319 0.9625 0.9529
00 271.460 270.588 0.9796 0.9698
00 271.460 270.500 0.9745 0.9647
00 271.460 270.509 0.9088 0.8997
00 271.461 270.575 0.9630 0.9534
00 271.460 270.586 0.9796 0.9698
00 271.460 270.504 0.9744 0.9647
00 271.460 270.568 0.9030 0.8940
00 271.460 270.561 0.9604 0.9508
00 271.460 270.574 0.9796 0.9698
00 271.460 270.509 0.9745 0.9647
00 271.460 270.618 0.9055 0.8964
00 271.460 270.551 0.9592 0.9496
00 271.460 270.520 0.9724 0.9627
00 271.460 270.499 0.9722 0.9624
00 271.460 270.649 0.9090 0.8999
00 271.460 270.541 0.9557 0.9462
00 271.460 270.464 0.9642 0.9546
00 271.460 270.491 0.9714 0.9617
00 271.460 270.669 0.9121 0.9030
00 271.460 270.538 0.9520 0.9425
00 271.460 270.419 0.9572 0.9476
00 271.460 270.490 0.9699 0.9602
00 271.460 270.690 0.9150 0.9058
00 271.461 270.539 0.9521 0.9425
00 271.460 270.388 0.9448 0.9353
00 271.460 270.490 0.9694 0.9597
00 271.466 270.719 0.9177 0.9085
00 271.527 270.604 0.9554 0.9458
00 271.460 270.424 0.9334 0.9241
00 271.476 270.509 0.9689 0.9592
00 271.510 270.779 0.9212 0.9120
00 271.763 270.832 0.9576 0.9481
00 271.460 270.464 0.9267 0.9174
00 271.519 270.553 0.9683 0.9586
00 272.018 271.245 0.9249 0.9156
00 272.330 271.377 0.9604 0.9508
00 271.460 270.466 0.9240 0.9148
00 271.618 270.654 0.9687 0.9590
00 272.148 271.351 0.9288 0.9195
00 272.491 271.529 0.9573 0.9478
00 271.460 270.474 0.9202 0.9109
00 271.945 270.980 0.9694 0.9597
00 272.184 271.385 0.9370 0.9276
00 272.681 271.699 0.9535 0.9439
00 271.540 270.545 0.9183 0.9091
00 272.269 271.302 0.9691 0.9594
00 272.401 271.574 0.9356 0.9263
00 272.783 271.785 0.9509 0.9414
00 272.298 271.223 0.9192 0.9100
00 272.847 271.866 0.9700 0.9603
00 272.407 271.552 0.9232 0.9140
00 273.031 272.007 0.9491 0.9396
00 272.626 271.509 0.9208 0.9116
00 272.756 271.786 0.9696 0.9599
00 272.454 271.641 0.9068 0.8977
00 273.050 272.013 0.9480 0.9386
00 272.632 271.510 0.9191 0.9099
00 272.477 271.529 0.9706 0.9609
00 272.569 271.851 0.8987 0.8897
00 272.987 271.942 0.9479 0.9384
00 272.313 271.410 0.9861 0.9763
00 272.122 271.154 0.9739 0.9642
00 272.561 271.629 0.9753 0.9655
00 273.069 272.131 0.9614 0.9518
00 272.045 271.153 0.9833 0.9734
00 271.977 271.060 0.9802 0.9704
00 272.374 271.366 0.9590 0.9494
00 272.959 272.023 0.9577 0.9482
00 271.727 270.854 0.9830 0.9732
00 271.757 270.837 0.9800 0.9702
00 271.923 270.824 0.9351 0.9258
00 272.255 271.365 0.9632 0.9536
00 271.462 270.598 0.9815 0.9717
00 271.462 270.538 0.9792 0.9694
00 271.460 270.421 0.9198 0.9106
00 271.472 270.619 0.9610 0.9514
00 271.460 270.589 0.9786 0.9688
00 271.460 270.528 0.9772 0.9674
00 271.460 270.490 0.9114 0.9023
00 271.460 270.596 0.9605 0.9509
00 271.460 270.581 0.9781 0.9684
00 271.460 270.528 0.9771 0.9673
00 271.460 270.554 0.9058 0.8967
00 271.460 270.578 0.9607 0.9511
00 271.460 270.590 0.9786 0.9688
00 271.460 270.530 0.9755 0.9658
00 271.460 270.600 0.9030 0.8939
00 271.460 270.565 0.9612 0.9516
00 271.460 270.571 0.9768 0.9670
00 271.460 270.513 0.9726 0.9628
00 271.460 270.655 0.9072 0.8981
00 271.460 270.558 0.9600 0.9504
00 271.460 270.524 0.9716 0.9619
00 271.460 270.500 0.9714 0.9617
00 271.460 270.681 0.9122 0.9030
00 271.460 270.557 0.9563 0.9467
00 271.460 270.477 0.9656 0.9559
00 271.460 270.493 0.9708 0.9611
00 271.462 270.700 0.9163 0.9072
00 271.474 270.566 0.9542 0.9446
00 271.460 270.437 0.9601 0.9505
00 271.460 270.493 0.9704 0.9607
00 271.463 270.715 0.9197 0.9105
00 271.536 270.612 0.9519 0.9424
00 271.460 270.397 0.9488 0.9393
00 271.464 270.498 0.9702 0.9605
00 271.486 270.750 0.9225 0.9133
00 271.584 270.648 0.9507 0.9412
00 271.460 270.409 0.9371 0.9277
00 271.460 270.497 0.9699 0.9602
00 271.857 271.098 0.9253 0.9161
00 272.217 271.235 0.9520 0.9424
00 271.460 270.439 0.9297 0.9204
00 271.471 270.516 0.9696 0.9599
00 272.037 271.266 0.9288 0.9195
00 272.562 271.557 0.9545 0.9449
00 271.478 270.448 0.9270 0.9178
00 271.591 270.644 0.9702 0.9605
00 272.104 271.333 0.9346 0.9253
00 272.599 271.594 0.9546 0.9450
00 271.791 270.731 0.9259 0.9166
00 272.009 271.063 0.9702 0.9604
00 272.106 271.351 0.9423 0.9329
00 272.558 271.570 0.9556 0.9460
00 272.103 271.012 0.9244 0.9152
00 272.598 271.648 0.9715 0.9618
00 272.241 271.466 0.9361 0.9267
00 272.957 271.959 0.9543 0.9447
00 272.706 271.565 0.9252 0.9159
00 273.054 272.091 0.9725 0.9628
00 272.617 271.822 0.9212 0.9120
00 273.162 272.147 0.9525 0.9430
00 273.057 271.885 0.9230 0.9138
00 273.039 272.082 0.9706 0.9609
00 272.827 272.098 0.9111 0.9020
00 273.195 272.164 0.9493 0.9398
00 271.460 270.536 0.9753 0.9655
00 271.460 270.544 0.9805 0.9707
00 271.487 270.591 0.9796 0.9698
00 271.552 270.661 0.9703 0.9606
00 271.483 270.629 0.9590 0.9494
00 271.478 270.573 0.9804 0.9706
00 271.514 270.623 0.9807 0.9709
00 271.548 270.617 0.9597 0.9501
00 271.469 270.615 0.9546 0.9451
00 271.469 270.579 0.9811 0.9713
00 271.479 270.577 0.9802 0.9704
00 271.522 270.452 0.9363 0.9269
00 271.460 270.602 0.9538 0.9443
00 271.460 270.579 0.9809 0.9711
00 271.460 270.550 0.9789 0.9691
00 271.461 270.408 0.9211 0.9119
00 271.460 270.588 0.9551 0.9456
00 271.460 270.583 0.9786 0.9688
00 271.460 270.543 0.9779 0.9681
00 271.460 270.465 0.9133 0.9041
00 271.460 270.567 0.9556 0.9460
00 271.460 270.574 0.9764 0.9667
00 271.460 270.547 0.9776 0.9678
00 271.460 270.539 0.9091 0.9000
00 271.460 270.545 0.9560 0.9464
00 271.460 270.578 0.9767 0.9669
00 271.460 270.551 0.9763 0.9666
00 271.460 270.584 0.9052 0.8962
00 271.460 270.534 0.9561 0.9466
00 271.460 270.588 0.9779 0.9682
00 271.460 270.545 0.9746 0.9649
00 271.460 270.618 0.9025 0.8934
00 271.460 270.534 0.9552 0.9456
00 271.460 270.575 0.9765 0.9668
00 271.460 270.529 0.9726 0.9629
00 271.460 270.666 0.9079 0.8988
00 271.460 270.535 0.9537 0.9442
00 271.460 270.538 0.9731 0.9633
00 271.460 270.519 0.9718 0.9621
00 271.463 270.695 0.9141 0.9050
00 271.460 270.541 0.9533 0.9437
00 271.460 270.500 0.9688 0.9591
00 271.463 270.517 0.9709 0.9612
00 271.754 270.976 0.9194 0.9102
00 271.460 270.546 0.9528 0.9433
00 271.460 270.462 0.9635 0.9538
00 271.505 270.558 0.9707 0.9610
00 271.784 271.013 0.9223 0.9131
00 271.460 270.546 0.9516 0.9421
00 271.461 270.420 0.9552 0.9457
00 271.560 270.617 0.9707 0.9610
00 271.738 270.986 0.9258 0.9165
00 271.460 270.538 0.9503 0.9408
00 271.460 270.392 0.9440 0.9345
00 271.534 270.603 0.9706 0.9609
00 272.143 271.368 0.9320 0.9227
00 271.460 270.524 0.9489 0.9394
00 271.475 270.411 0.9343 0.9249
00 271.764 270.839 0.9710 0.9613
00 272.527 271.729 0.9335 0.9241
00 271.466 270.517 0.9479 0.9384
00 271.708 270.633 0.9300 0.9207
00 272.007 271.091 0.9722 0.9625
00 272.672 271.892 0.9387 0.9293
00 271.694 270.717 0.9483 0.9388
00 272.002 270.905 0.9297 0.9204
00 272.002 271.094 0.9732 0.9635
00 272.613 271.855 0.9376 0.9282
00 272.270 271.259 0.9486 0.9391
00 272.331 271.213 0.9299 0.9206
00 272.324 271.423 0.9763 0.9665
00 273.096 272.302 0.9269 0.9176
00 272.617 271.611 0.9520 0.9425
00 272.940 271.779 0.9305 0.9212
00 272.926 272.026 0.9766 0.9668
00 273.563 272.778 0.9218 0.9126
00 272.879 271.891 0.9529 0.9434
00 272.898 271.910 0.9808 0.9710
00 273.026 272.047 0.9744 0.9647
00 273.507 272.595 0.9835 0.9737
00 271.460 270.585 0.9507 0.9412
00 271.460 270.509 0.9792 0.9694
00 271.460 270.565 0.9780 0.9682
00 271.460 270.611 0.9732 0.9635
00 271.460 270.604 0.9513 0.9417
00 271.460 270.518 0.9785 0.9688
00 271.460 270.576 0.9801 0.9703
00 271.460 270.610 0.9687 0.9590
00 271.460 270.595 0.9514 0.9419
00 271.460 270.533 0.9788 0.9690
00 271.460 270.562 0.9792 0.9694
00 271.460 270.564 0.9648 0.9551
00 271.460 270.585 0.9451 0.9357
00 271.460 270.550 0.9792 0.9695
00 271.460 270.553 0.9782 0.9684
00 271.460 270.414 0.9412 0.9318
00 271.460 270.564 0.9416 0.9322
00 271.460 270.565 0.9800 0.9702
00 271.460 270.549 0.9775 0.9677
00 271.460 270.397 0.9240 0.9147
00 271.460 270.534 0.9386 0.9292
00 271.460 270.573 0.9795 0.9697
00 271.460 270.553 0.9773 0.9675
00 271.460 270.449 0.9164 0.9072
00 271.460 270.502 0.9359 0.9266
00 271.460 270.574 0.9774 0.9676
00 271.460 270.558 0.9774 0.9677
00 271.460 270.506 0.9107 0.9016
00 271.460 270.468 0.9348 0.9254
00 271.460 270.574 0.9751 0.9653
00 271.460 270.560 0.9763 0.9666
00 271.460 270.579 0.9107 0.9016
00 271.460 270.452 0.9344 0.9250
00 271.460 270.580 0.9752 0.9655
00 271.460 270.560 0.9748 0.9651
00 271.460 270.595 0.9053 0.8962
00 271.460 270.451 0.9368 0.9275
00 271.460 270.586 0.9756 0.9659
00 271.460 270.559 0.9742 0.9644
00 271.460 270.630 0.9021 0.8931
00 271.460 270.463 0.9405 0.9311
00 271.460 270.581 0.9759 0.9661
00 271.460 270.560 0.9738 0.9641
00 271.466 270.675 0.9070 0.8979
00 271.460 270.479 0.9443 0.9349
00 271.460 270.554 0.9738 0.9641
00 271.502 270.603 0.9738 0.9641
00 271.707 270.917 0.9141 0.9049
00 271.460 270.495 0.9464 0.9369
00 271.514 270.574 0.9706 0.9609
00 271.807 270.900 0.9737 0.9640
00 271.843 271.056 0.9203 0.9111
00 271.465 270.511 0.9483 0.9388
00 271.687 270.706 0.9667 0.9570
00 272.139 271.229 0.9742 0.9644
00 271.856 271.073 0.9233 0.9140
00 271.540 270.608 0.9500 0.9405
00 271.713 270.692 0.9620 0.9524
00 271.565 270.686 0.9745 0.9648
00 272.209 271.408 0.9293 0.9200
00 271.734 270.802 0.9503 0.9408
00 271.863 270.787 0.9542 0.9447
00 271.506 270.644 0.9751 0.9653
00 272.622 271.802 0.9314 0.9221
00 272.082 271.132 0.9498 0.9403
00 272.184 271.051 0.9454 0.9360
00 272.221 271.349 0.9791 0.9693
00 272.885 272.072 0.9374 0.9280
00 271.788 270.841 0.9498 0.9403
00 272.072 270.938 0.9372 0.9278
00 272.057 271.204 0.9780 0.9682
00 272.651 271.885 0.9388 0.9294
00 272.135 271.146 0.9479 0.9384
00 272.202 271.074 0.9322 0.9229
00 272.162 271.298 0.9775 0.9677
00 272.858 272.088 0.9357 0.9263
00 272.373 271.354 0.9496 0.9401
00 272.495 271.356 0.9294 0.9201
00 272.338 271.447 0.9763 0.9665
00 272.853 272.113 0.9279 0.9186
00 272.507 271.484 0.9493 0.9398
00 272.678 271.657 0.9766 0.9668
00 272.457 271.544 0.9809 0.9711
00 272.913 272.023 0.9712 0.9615
00 271.460 270.605 0.9448 0.9353
00 271.460 270.501 0.9757 0.9660
00 271.460 270.570 0.9792 0.9694
00 271.460 270.636 0.9716 0.9619
00 271.460 270.594 0.9472 0.9377
00 271.460 270.521 0.9773 0.9676
00 271.460 270.547 0.9768 0.9670
00 271.460 270.594 0.9717 0.9619
00 271.460 270.576 0.9433 0.9338
00 271.460 270.531 0.9780 0.9683
00 271.460 270.533 0.9757 0.9660
00 271.460 270.441 0.9485 0.9390
00 271.460 270.566 0.9363 0.9269
00 271.460 270.545 0.9789 0.9691
00 271.460 270.532 0.9753 0.9655
00 271.460 270.382 0.9284 0.9191
00 271.460 270.552 0.9317 0.9224
00 271.460 270.560 0.9792 0.9695
00 271.460 270.530 0.9744 0.9647
00 271.460 270.430 0.9202 0.9110
00 271.460 270.528 0.9277 0.9184
00 271.460 270.567 0.9781 0.9683
00 271.460 270.535 0.9742 0.9645
00 271.460 270.475 0.9134 0.9042
00 271.460 270.499 0.9240 0.9148
00 271.460 270.567 0.9753 0.9656
00 271.460 270.544 0.9737 0.9639
00 271.460 270.538 0.9099 0.9008
00 271.460 270.484 0.9227 0.9135
00 271.460 270.573 0.9740 0.9643
00 271.460 270.553 0.9736 0.9639
00 271.460 270.601 0.9119 0.9027
00 271.460 270.477 0.9248 0.9155
00 271.460 270.577 0.9731 0.9634
00 271.460 270.569 0.9746 0.9649
00 271.460 270.614 0.9066 0.8976
00 271.460 270.472 0.9271 0.9178
00 271.460 270.583 0.9731 0.9634
00 271.460 270.578 0.9755 0.9658
00 271.461 270.647 0.9015 0.8925
00 271.460 270.467 0.9295 0.9202
00 271.460 270.585 0.9734 0.9637
00 271.465 270.591 0.9760 0.9662
00 271.715 270.910 0.9053 0.8962
00 271.460 270.464 0.9322 0.9229
00 271.460 270.574 0.9734 0.9637
00 272.130 271.240 0.9764 0.9667
00 272.299 271.455 0.9146 0.9055
00 271.476 270.479 0.9360 0.9266
00 271.719 270.795 0.9716 0.9619
00 272.458 271.555 0.9772 0.9674
00 272.396 271.556 0.9204 0.9112
00 271.598 270.611 0.9402 0.9308
00 271.988 271.017 0.9691 0.9594
00 272.270 271.347 0.9759 0.9662
00 272.355 271.525 0.9250 0.9158
00 271.949 270.975 0.9455 0.9360
00 272.178 271.169 0.9668 0.9571
00 272.150 271.198 0.9698 0.9601
00 272.621 271.777 0.9276 0.9183
00 272.126 271.168 0.9483 0.9388
00 272.192 271.152 0.9637 0.9541
00 272.315 271.303 0.9641 0.9545
00 272.613 271.797 0.9327 0.9234
00 272.298 271.342 0.9525 0.9430
00 272.366 271.279 0.9590 0.9494
00 272.426 271.354 0.9585 0.9489
00 272.554 271.773 0.9380 0.9286
00 272.326 271.370 0.9523 0.9428
00 272.455 271.325 0.9519 0.9424
00 272.399 271.299 0.9470 0.9375
00 272.767 271.996 0.9399 0.9305
00 272.465 271.488 0.9501 0.9406
00 272.640 271.474 0.9457 0.9363
00 272.360 271.249 0.9386 0.9292
00 272.990 272.210 0.9361 0.9267
00 272.474 271.471 0.9490 0.9395
00 272.584 271.575 0.9793 0.9695
00 272.482 271.537 0.9779 0.9682
00 273.024 272.123 0.9787 0.9689
00 271.460 270.597 0.9496 0.9401
00 271.460 270.479 0.9721 0.9624
00 271.460 270.549 0.9760 0.9663
00 271.460 270.627 0.9718 0.9620
00 271.460 270.634 0.9440 0.9346
00 271.460 270.500 0.9721 0.9624
00 271.460 270.538 0.9749 0.9651
00 271.460 270.638 0.9763 0.9665
00 271.466 270.636 0.9454 0.9360
00 271.492 270.547 0.9746 0.9649
00 271.461 270.530 0.9730 0.9633
00 271.893 271.038 0.9771 0.9673
00 272.012 271.131 0.9410 0.9315
00 272.035 271.074 0.9761 0.9663
00 271.515 270.574 0.9733 0.9636
00 272.803 271.751 0.9585 0.9489
00 271.516 270.632 0.9338 0.9245
00 271.523 270.585 0.9765 0.9667
00 271.460 270.520 0.9734 0.9637
00 271.493 270.392 0.9349 0.9256
00 271.460 270.563 0.9271 0.9178
00 271.460 270.537 0.9775 0.9677
00 271.460 270.528 0.9734 0.9637
00 271.460 270.404 0.9242 0.9150
00 271.460 270.549 0.9227 0.9135
00 271.460 270.549 0.9774 0.9677
00 271.460 270.546 0.9734 0.9637
00 271.460 270.451 0.9177 0.9085
00 271.460 270.526 0.9180 0.9088
00 271.460 270.555 0.9751 0.9653
00 271.460 270.568 0.9748 0.9650
00 271.460 270.495 0.9118 0.9026
00 271.460 270.520 0.9169 0.9077
00 271.460 270.566 0.9746 0.9648
00 271.460 270.573 0.9751 0.9653
00 271.460 270.568 0.9103 0.9012
00 271.460 270.512 0.9167 0.9075
00 271.460 270.568 0.9729 0.9631
00 271.460 270.563 0.9747 0.9650
00 271.460 270.627 0.9141 0.9049
00 271.460 270.504 0.9180 0.9088
00 271.460 270.564 0.9704 0.9607
00 271.460 270.534 0.9711 0.9614
00 271.460 270.644 0.9107 0.9016
00 271.460 270.503 0.9212 0.9120
00 271.460 270.567 0.9694 0.9597
00 271.460 270.491 0.9652 0.9556
00 271.565 270.754 0.9028 0.8938
00 271.460 270.502 0.9239 0.9147
00 271.460 270.574 0.9702 0.9605
00 271.556 270.532 0.9588 0.9492
00 272.328 271.470 0.9065 0.8974
00 271.472 270.509 0.9269 0.9176
00 271.578 270.692 0.9715 0.9618
00 272.375 271.264 0.9523 0.9427
00 272.486 271.637 0.9102 0.9011
00 271.572 270.605 0.9300 0.9207
00 271.961 271.049 0.9718 0.9621
00 272.426 271.275 0.9442 0.9348
00 271.999 271.210 0.9163 0.9071
00 271.748 270.776 0.9330 0.9237
00 272.193 271.245 0.9707 0.9610
00 272.228 271.090 0.9359 0.9265
00 272.416 271.591 0.9244 0.9152
00 271.938 270.964 0.9365 0.9272
00 272.259 271.282 0.9697 0.9600
00 272.297 271.177 0.9280 0.9187
00 272.394 271.592 0.9297 0.9204
00 272.053 271.082 0.9387 0.9293
00 272.352 271.353 0.9716 0.9619
00 272.285 271.196 0.9209 0.9117
00 272.555 271.768 0.9354 0.9261
00 272.274 271.294 0.9406 0.9312
00 272.369 271.346 0.9690 0.9594
00 272.283 271.218 0.9154 0.9063
00 272.857 272.075 0.9395 0.9301
00 272.532 271.544 0.9442 0.9347
00 272.507 271.456 0.9661 0.9565
00 272.760 271.672 0.9122 0.9031
00 273.582 272.759 0.9423 0.9329
00 272.721 271.733 0.9451 0.9356
00 273.028 272.011 0.9782 0.9684
00 273.229 272.251 0.9777 0.9679
00 273.598 272.671 0.9809 0.9711
00 271.460 270.596 0.9501 0.9406
00 271.460 270.491 0.9708 0.9611
00 271.460 270.521 0.9747 0.9649
00 271.460 270.619 0.9783 0.9685
00 271.518 270.694 0.9407 0.9313
00 271.724 270.768 0.9752 0.9654
00 271.479 270.560 0.9738 0.9640
00 272.353 271.220 0.9324 0.9231
00 271.460 270.572 0.9220 0.9128
00 271.460 270.537 0.9757 0.9659
00 271.460 270.548 0.9731 0.9634
00 271.460 270.422 0.9220 0.9128
00 271.460 270.556 0.9161 0.9069
00 271.460 270.544 0.9740 0.9642
00 271.460 270.524 0.9711 0.9614
00 271.460 270.469 0.9161 0.9070
00 271.460 270.547 0.9110 0.9019
00 271.460 270.550 0.9736 0.9639
00 271.460 270.473 0.9652 0.9556
00 271.460 270.522 0.9118 0.9027
00 271.460 270.547 0.9096 0.9005
00 271.460 270.557 0.9733 0.9636
00 271.460 270.422 0.9571 0.9476
00 271.460 270.585 0.9094 0.9003
00 271.460 270.567 0.9130 0.9038
00 271.460 270.553 0.9713 0.9616
00 271.460 270.385 0.9475 0.9380
00 271.460 270.645 0.9143 0.9052
00 271.460 270.609 0.9187 0.9095
00 271.460 270.548 0.9685 0.9588
00 271.460 270.386 0.9378 0.9284
00 271.486 270.694 0.9163 0.9071
00 271.460 270.626 0.9221 0.9129
00 271.460 270.546 0.9666 0.9569
00 271.547 270.499 0.9302 0.9209
00 272.120 271.283 0.9096 0.9005
00 271.460 270.611 0.9244 0.9152
00 271.579 270.670 0.9683 0.9586
00 272.187 271.110 0.9247 0.9154
00 272.430 271.584 0.9068 0.8977
00 271.531 270.663 0.9263 0.9170
00 271.775 270.872 0.9706 0.9609
00 272.417 271.332 0.9208 0.9116
00 272.551 271.712 0.9070 0.8979
00 271.779 270.878 0.9275 0.9182
00 272.000 271.096 0.9716 0.9619
00 272.356 271.284 0.9169 0.9077
00 272.527 271.712 0.9131 0.9040
00 272.088 271.138 0.9285 0.9192
00 272.225 271.310 0.9715 0.9618
00 272.354 271.284 0.9122 0.9031
00 272.521 271.721 0.9208 0.9116
00 272.335 271.354 0.9306 0.9213
00 272.266 271.338 0.9743 0.9645
00 272.389 271.323 0.9065 0.8975
00 272.450 271.676 0.9281 0.9188
00 272.489 271.492 0.9354 0.9260
00 272.663 271.703 0.9718 0.9621
00 272.881 271.768 0.9010 0.8920
00 273.129 272.334 0.9322 0.9229
00 272.805 271.783 0.9357 0.9263
00 273.166 272.166 0.9708 0.9611
00 273.486 272.320 0.8907 0.8818
00 273.675 272.855 0.9388 0.9294
00 273.125 272.085 0.9370 0.9277
00 273.290 272.305 0.9710 0.9612
00 273.482 272.391 0.9619 0.9523
00 273.578 272.353 0.9264 0.9172
00 271.460 270.566 0.9145 0.9054
00 271.460 270.541 0.9724 0.9627
00 271.460 270.420 0.9538 0.9443
00 271.460 270.435 0.9211 0.9119
00 271.460 270.563 0.9086 0.8995
00 271.460 270.540 0.9715 0.9618
00 271.460 270.391 0.9434 0.9340
00 271.460 270.482 0.9161 0.9069
00 271.460 270.557 0.9094 0.9003
00 271.460 270.540 0.9705 0.9608
00 271.460 270.425 0.9310 0.9217
00 271.460 270.540 0.9134 0.9043
00 271.460 270.584 0.9209 0.9117
00 271.460 270.536 0.9694 0.9597
00 271.460 270.469 0.9238 0.9146
00 271.460 270.598 0.9115 0.9024
00 271.460 270.640 0.9319 0.9226
00 271.460 270.533 0.9682 0.9585
00 271.460 270.469 0.9218 0.9126
00 271.512 270.709 0.9132 0.9040
00 271.634 270.819 0.9377 0.9283
00 271.600 270.665 0.9662 0.9565
00 271.899 270.870 0.9202 0.9110
00 272.222 271.383 0.9211 0.9119
00 271.478 270.653 0.9388 0.9294
00 271.846 270.903 0.9656 0.9560
00 272.351 271.276 0.9169 0.9077
00 272.459 271.612 0.9192 0.9100
00 271.600 270.735 0.9367 0.9274
00 271.978 271.035 0.9659 0.9563
00 272.474 271.381 0.9140 0.9048
00 272.570 271.728 0.9120 0.9028
00 271.834 270.917 0.9340 0.9246
00 272.161 271.221 0.9670 0.9573
00 272.517 271.433 0.9085 0.8994
00 272.544 271.720 0.9062 0.8972
00 271.936 270.982 0.9324 0.9230
00 272.316 271.386 0.9713 0.9616
00 272.539 271.455 0.9024 0.8934
00 272.563 271.764 0.9071 0.8981
00 272.295 271.286 0.9300 0.9207
00 272.648 271.721 0.9724 0.9627
00 272.712 271.602 0.8948 0.8859
00 272.641 271.862 0.9132 0.9041
00 272.753 271.704 0.9295 0.9202
00 273.191 272.252 0.9733 0.9636
00 273.036 271.891 0.8855 0.8766
00 272.978 272.191 0.9206 0.9113
00 273.069 272.003 0.9305 0.9212
00 273.189 272.245 0.9722 0.9625
00 273.256 272.104 0.8756 0.8669
00 273.257 272.470 0.9258 0.9165
00 273.064 272.014 0.9353 0.9259
00 272.873 271.764 0.9571 0.9476
00 273.111 272.055 0.9675 0.9578
00 273.276 272.230 0.9615 0.9519
00 271.460 270.643 0.9683 0.9586
00 271.460 270.428 0.9500 0.9405
00 271.461 270.470 0.9620 0.9524
00 271.471 270.552 0.9633 0.9536
00 271.460 270.639 0.9689 0.9592
00 271.460 270.466 0.9502 0.9407
00 271.460 270.470 0.9589 0.9493
00 271.460 270.505 0.9609 0.9513
00 271.460 270.631 0.9688 0.9591
00 271.460 270.506 0.9501 0.9406
00 271.460 270.455 0.9557 0.9462
00 271.460 270.524 0.9524 0.9429
00 271.460 270.619 0.9677 0.9580
00 271.460 270.533 0.9485 0.9390
00 271.460 270.430 0.9517 0.9422
00 271.460 270.568 0.9578 0.9482
00 271.460 270.615 0.9691 0.9594
00 271.460 270.537 0.9415 0.9320
00 271.460 270.419 0.9457 0.9362
00 271.460 270.557 0.9579 0.9483
00 271.460 270.583 0.9668 0.9572
00 271.460 270.539 0.9346 0.9253
00 271.460 270.433 0.9380 0.9286
00 271.460 270.565 0.9590 0.9494
00 271.460 270.574 0.9682 0.9586
00 271.460 270.552 0.9335 0.9242
00 271.460 270.483 0.9329 0.9236
00 271.460 270.572 0.9595 0.9500
00 271.460 270.575 0.9702 0.9604
00 271.460 270.571 0.9348 0.9254
00 271.460 270.508 0.9312 0.9219
00 271.460 270.562 0.9585 0.9489
00 271.460 270.559 0.9683 0.9586
00 271.460 270.586 0.9339 0.9245
00 271.460 270.506 0.9304 0.9211
00 271.460 270.534 0.9581 0.9485
00 271.460 270.492 0.9570 0.9474
00 271.460 270.601 0.9337 0.9244
00 271.460 270.505 0.9302 0.9209
00 271.460 270.541 0.9605 0.9509
00 271.460 270.528 0.9483 0.9388
00 271.460 270.617 0.9354 0.9261
00 271.460 270.508 0.9309 0.9216
00 271.460 270.560 0.9628 0.9532
00 271.460 270.561 0.9517 0.9422
00 271.460 270.627 0.9374 0.9281
00 271.460 270.519 0.9329 0.9236
00 271.460 270.562 0.9623 0.9526
00 271.460 270.532 0.9538 0.9443
00 271.460 270.642 0.9395 0.9301
00 271.459 270.525 0.9369 0.9276
00 271.460 270.559 0.9608 0.9512
00 271.460 270.459 0.9539 0.9444
00 271.460 270.643 0.9447 0.9352
00 271.460 270.529 0.9386 0.9293
00 271.475 270.583 0.9609 0.9513
00 271.460 270.400 0.9398 0.9304
00 271.460 270.535 0.9346 0.9252
00 271.460 270.532 0.9404 0.9310
00 271.939 271.033 0.9623 0.9527
00 271.460 270.461 0.9306 0.9213
00 271.478 270.467 0.9086 0.8995
00 272.036 271.081 0.9429 0.9335
00 272.343 271.417 0.9648 0.9552
00 271.466 270.546 0.9195 0.9103
00 271.606 270.614 0.8979 0.8889
00 272.630 271.646 0.9457 0.9362
00 272.417 271.496 0.9623 0.9526
00 271.628 270.785 0.9107 0.9016
00 272.087 271.047 0.9617 0.9521
00 272.733 271.678 0.9649 0.9553
00 272.607 271.605 0.9610 0.9514
00 271.460 270.651 0.9684 0.9587
00 271.460 270.433 0.9530 0.9435
00 271.514 270.520 0.9613 0.9517
00 272.052 271.128 0.9638 0.9542
00 271.460 270.647 0.9682 0.9586
00 271.460 270.468 0.9528 0.9433
00 271.460 270.458 0.9578 0.9482
00 271.462 270.527 0.9635 0.9539
00 271.460 270.638 0.9665 0.9569
00 271.460 270.527 0.9534 0.9439
00 271.460 270.435 0.9535 0.9440
00 271.460 270.517 0.9548 0.9453
00 271.460 270.623 0.9661 0.9564
00 271.460 270.569 0.9541 0.9445
00 271.460 270.416 0.9481 0.9386
00 271.460 270.570 0.9554 0.9459
00 271.460 270.613 0.9666 0.9569
00 271.460 270.593 0.9531 0.9435
00 271.460 270.436 0.9402 0.9308
00 271.460 270.557 0.9578 0.9482
00 271.460 270.594 0.9679 0.9582
00 271.460 270.584 0.9445 0.9351
00 271.460 270.488 0.9325 0.9231
00 271.460 270.560 0.9575 0.9480
00 271.460 270.587 0.9693 0.9597
00 271.460 270.574 0.9363 0.9269
00 271.460 270.508 0.9299 0.9206
00 271.460 270.560 0.9586 0.9490
00 271.460 270.580 0.9689 0.9592
00 271.460 270.580 0.9347 0.9254
00 271.460 270.509 0.9305 0.9212
00 271.460 270.560 0.9583 0.9487
00 271.460 270.582 0.9693 0.9596
00 271.460 270.597 0.9347 0.9254
00 271.460 270.505 0.9315 0.9222
00 271.460 270.540 0.9570 0.9474
00 271.460 270.555 0.9653 0.9557
00 271.460 270.612 0.9356 0.9263
00 271.460 270.500 0.9324 0.9231
00 271.460 270.526 0.9559 0.9464
00 271.460 270.516 0.9492 0.9397
00 271.460 270.621 0.9358 0.9265
00 271.460 270.503 0.9342 0.9249
00 271.460 270.527 0.9582 0.9486
00 271.460 270.566 0.9488 0.9393
00 271.460 270.633 0.9369 0.9275
00 271.460 270.510 0.9345 0.9252
00 271.460 270.542 0.9598 0.9502
00 271.460 270.581 0.9556 0.9460
00 271.460 270.645 0.9399 0.9305
00 271.460 270.521 0.9353 0.9259
00 271.460 270.561 0.9602 0.9506
00 271.460 270.511 0.9573 0.9478
00 271.460 270.650 0.9420 0.9326
00 271.460 270.525 0.9358 0.9265
00 271.612 270.717 0.9614 0.9518
00 271.460 270.393 0.9399 0.9305
00 271.460 270.667 0.9416 0.9322
00 271.460 270.531 0.9370 0.9276
00 272.359 271.439 0.9644 0.9548
00 271.460 270.424 0.9269 0.9176
00 271.507 270.664 0.9431 0.9337
00 272.119 271.155 0.9386 0.9293
00 272.596 271.663 0.9632 0.9535
00 271.717 270.766 0.9174 0.9082
00 272.394 271.339 0.9203 0.9111
00 272.713 271.725 0.9407 0.9312
00 272.825 271.883 0.9618 0.9522
00 272.390 271.466 0.9126 0.9035
00 272.659 271.629 0.9677 0.9580
00 272.879 271.817 0.9628 0.9532
00 273.177 272.167 0.9617 0.9521
00 271.760 270.943 0.9687 0.9590
00 271.914 270.883 0.9568 0.9472
00 272.510 271.458 0.9621 0.9525
00 272.793 271.861 0.9665 0.9568
00 271.530 270.728 0.9679 0.9582
00 271.548 270.565 0.9546 0.9450
00 272.021 270.970 0.9558 0.9463
00 272.363 271.420 0.9686 0.9590
00 271.460 270.653 0.9682 0.9585
00 271.460 270.539 0.9550 0.9455
00 271.460 270.416 0.9499 0.9404
00 271.465 270.513 0.9569 0.9474
00 271.460 270.638 0.9673 0.9576
00 271.460 270.589 0.9574 0.9478
00 271.460 270.422 0.9426 0.9332
00 271.460 270.541 0.9508 0.9413
00 271.460 270.619 0.9663 0.9566
00 271.460 270.623 0.9585 0.9489
00 271.460 270.484 0.9322 0.9229
00 271.460 270.576 0.9580 0.9484
00 271.460 270.601 0.9666 0.9569
00 271.460 270.631 0.9553 0.9457
00 271.460 270.509 0.9290 0.9197
00 271.460 270.554 0.9578 0.9482
00 271.460 270.593 0.9684 0.9587
00 271.460 270.612 0.9448 0.9353
00 271.460 270.505 0.9309 0.9216
00 271.460 270.549 0.9575 0.9479
00 271.460 270.589 0.9686 0.9589
00 271.460 270.601 0.9365 0.9271
00 271.460 270.504 0.9328 0.9234
00 271.460 270.550 0.9574 0.9478
00 271.460 270.585 0.9669 0.9573
00 271.460 270.606 0.9342 0.9249
00 271.460 270.505 0.9339 0.9245
00 271.460 270.544 0.9567 0.9472
00 271.460 270.595 0.9655 0.9558
00 271.460 270.616 0.9345 0.9252
00 271.460 270.512 0.9342 0.9248
00 271.460 270.534 0.9557 0.9461
00 271.460 270.529 0.9525 0.9430
00 271.460 270.632 0.9357 0.9264
00 271.460 270.523 0.9354 0.9261
00 271.460 270.524 0.9550 0.9455
00 271.460 270.549 0.9473 0.9378
00 271.460 270.649 0.9375 0.9281
00 271.460 270.531 0.9354 0.9261
00 271.460 270.520 0.9557 0.9461
00 271.460 270.594 0.9556 0.9461
00 271.460 270.661 0.9390 0.9297
00 271.460 270.534 0.9324 0.9230
00 271.461 270.528 0.9568 0.9472
00 271.460 270.588 0.9616 0.9519
00 271.460 270.667 0.9424 0.9330
00 271.460 270.537 0.9301 0.9208
00 272.031 271.090 0.9586 0.9490
00 271.461 270.431 0.9428 0.9334
00 271.471 270.675 0.9446 0.9352
00 271.541 270.620 0.9305 0.9212
00 272.455 271.523 0.9637 0.9541
00 271.491 270.435 0.9238 0.9146
00 271.519 270.717 0.9404 0.9310
00 272.498 271.504 0.9357 0.9264
00 272.547 271.627 0.9649 0.9552
00 271.528 270.569 0.9135 0.9044
00 272.019 271.196 0.9447 0.9353
00 272.497 271.524 0.9382 0.9288
00 272.532 271.620 0.9640 0.9544
00 272.164 271.259 0.9096 0.9005
00 272.595 271.620 0.9706 0.9609
00 272.529 271.478 0.9641 0.9544
00 272.775 271.809 0.9636 0.9540
00 272.109 271.270 0.9730 0.9633
00 272.079 271.088 0.9614 0.9518
00 272.757 271.677 0.9597 0.9501
00 273.222 272.302 0.9679 0.9582
00 271.968 271.155 0.9694 0.9597
00 271.991 271.036 0.9594 0.9498
00 272.731 271.613 0.9540 0.9444
00 272.904 271.975 0.9674 0.9578
00 271.481 270.684 0.9678 0.9582
00 271.521 270.638 0.9596 0.9500
00 271.721 270.652 0.9456 0.9362
00 271.647 270.684 0.9577 0.9481
00 271.460 270.645 0.9665 0.9568
00 271.460 270.620 0.9614 0.9518
00 271.460 270.454 0.9360 0.9266
00 271.460 270.505 0.9449 0.9355
00 271.460 270.623 0.9664 0.9568
00 271.460 270.650 0.9623 0.9527
00 271.460 270.507 0.9281 0.9189
00 271.460 270.568 0.9545 0.9449
00 271.460 270.606 0.9653 0.9556
00 271.460 270.659 0.9603 0.9507
00 271.460 270.503 0.9298 0.9205
00 271.460 270.576 0.9581 0.9485
00 271.460 270.602 0.9674 0.9578
00 271.460 270.647 0.9525 0.9430
00 271.460 270.505 0.9325 0.9232
00 271.460 270.554 0.9572 0.9476
00 271.460 270.599 0.9684 0.9587
00 271.460 270.624 0.9423 0.9329
00 271.460 270.507 0.9338 0.9245
00 271.460 270.546 0.9563 0.9467
00 271.460 270.594 0.9678 0.9581
00 271.460 270.619 0.9362 0.9268
00 271.460 270.507 0.9343 0.9250
00 271.460 270.545 0.9563 0.9467
00 271.460 270.604 0.9675 0.9578
00 271.460 270.623 0.9344 0.9250
00 271.460 270.513 0.9347 0.9254
00 271.460 270.542 0.9568 0.9473
00 271.460 270.558 0.9560 0.9464
00 271.460 270.629 0.9340 0.9246
00 271.460 270.523 0.9347 0.9254
00 271.460 270.536 0.9565 0.9469
00 271.460 270.537 0.9469 0.9374
00 271.460 270.649 0.9337 0.9244
00 271.460 270.530 0.9335 0.9242
00 271.460 270.526 0.9562 0.9467
00 271.460 270.592 0.9517 0.9421
00 271.460 270.667 0.9349 0.9255
00 271.460 270.536 0.9308 0.9215
00 271.461 270.519 0.9564 0.9469
00 271.460 270.617 0.9630 0.9534
00 271.460 270.674 0.9380 0.9286
00 271.460 270.554 0.9294 0.9201
00 271.827 270.872 0.9570 0.9474
00 271.462 270.475 0.9426 0.9331
00 271.518 270.735 0.9438 0.9344
00 271.946 271.009 0.9302 0.9209
00 272.526 271.550 0.9603 0.9507
00 272.238 271.122 0.9229 0.9137
00 272.458 271.613 0.9489 0.9395
00 272.685 271.697 0.9341 0.9248
00 272.357 271.416 0.9636 0.9539
00 272.622 271.556 0.9134 0.9043
00 272.977 272.088 0.9449 0.9355
00 273.042 272.045 0.9362 0.9269
00 272.756 271.825 0.9627 0.9531
00 273.074 272.082 0.9088 0.8997
00 273.406 272.503 0.9777 0.9679
00 273.256 272.171 0.9644 0.9548
00 273.351 272.319 0.9602 0.9506
00 272.145 271.295 0.9802 0.9704
00 272.297 271.397 0.9730 0.9633
00 272.564 271.492 0.9622 0.9526
00 272.981 272.023 0.9623 0.9526
00 271.942 271.110 0.9758 0.9660
00 272.060 271.171 0.9669 0.9572
00 272.714 271.606 0.9577 0.9481
00 272.923 272.020 0.9694 0.9597
00 271.796 270.990 0.9722 0.9624
00 271.876 271.019 0.9654 0.9557
00 272.356 271.241 0.9504 0.9409
00 272.203 271.330 0.9706 0.9609
00 271.477 270.697 0.9701 0.9604
00 271.482 270.667 0.9651 0.9555
00 271.497 270.451 0.9415 0.9321
00 271.462 270.533 0.9586 0.9490
00 271.460 270.669 0.9673 0.9577
00 271.460 270.665 0.9654 0.9557
00 271.460 270.479 0.9304 0.9211
00 271.460 270.502 0.9468 0.9374
00 271.460 270.641 0.9670 0.9574
00 271.460 270.678 0.9641 0.9545
00 271.460 270.502 0.9288 0.9195
00 271.460 270.536 0.9478 0.9384
00 271.460 270.617 0.9648 0.9552
00 271.460 270.665 0.9570 0.9474
00 271.460 270.504 0.9310 0.9217
00 271.460 270.578 0.9561 0.9466
00 271.460 270.608 0.9636 0.9539
00 271.460 270.633 0.9459 0.9365
00 271.460 270.506 0.9325 0.9232
00 271.460 270.564 0.9572 0.9476
00 271.460 270.605 0.9660 0.9563
00 271.460 270.610 0.9381 0.9287
00 271.460 270.504 0.9334 0.9241
00 271.460 270.548 0.9564 0.9468
00 271.460 270.605 0.9664 0.9568
00 271.460 270.604 0.9355 0.9261
00 271.460 270.503 0.9343 0.9249
00 271.460 270.545 0.9564 0.9468
00 271.460 270.611 0.9695 0.9598
00 271.460 270.608 0.9341 0.9247
00 271.460 270.505 0.9346 0.9252
00 271.460 270.544 0.9557 0.9462
00 271.460 270.590 0.9628 0.9532
00 271.460 270.619 0.9332 0.9239
00 271.460 270.512 0.9344 0.9250
00 271.460 270.538 0.9538 0.9442
00 271.460 270.534 0.9484 0.9389
00 271.460 270.637 0.9321 0.9227
00 271.460 270.518 0.9342 0.9249
00 271.460 270.535 0.9514 0.9419
00 271.460 270.581 0.9480 0.9385
00 271.460 270.660 0.9315 0.9222
00 271.460 270.532 0.9351 0.9258
00 271.461 270.535 0.9497 0.9402
00 271.460 270.614 0.9604 0.9508
00 271.460 270.668 0.9332 0.9238
00 271.460 270.550 0.9302 0.9209
00 271.878 270.923 0.9497 0.9402
00 271.460 270.500 0.9452 0.9357
00 271.460 270.666 0.9379 0.9285
00 271.485 270.590 0.9289 0.9196
00 272.227 271.246 0.9515 0.9420
00 271.817 270.741 0.9225 0.9132
00 272.584 271.724 0.9458 0.9363
00 272.724 271.750 0.9307 0.9214
00 273.058 272.039 0.9546 0.9450
00 272.735 271.668 0.9119 0.9028
00 272.923 272.051 0.9491 0.9396
00 273.151 272.151 0.9312 0.9218
00 273.491 272.478 0.9570 0.9475
00 273.128 272.145 0.9076 0.8986
00 273.475 272.550 0.9767 0.9669
00 273.668 272.532 0.9655 0.9558
00 273.793 272.820 0.9738 0.9641
00 271.479 270.635 0.9796 0.9698
00 271.590 270.741 0.9735 0.9638
00 271.521 270.498 0.9613 0.9517
00 271.822 270.878 0.9607 0.9511
00 271.785 270.939 0.9774 0.9676
00 271.483 270.648 0.9692 0.9595
00 271.491 270.450 0.9575 0.9479
00 271.552 270.668 0.9616 0.9519
00 271.515 270.688 0.9755 0.9658
00 271.461 270.651 0.9676 0.9579
00 271.462 270.405 0.9540 0.9444
00 271.466 270.629 0.9684 0.9587
00 271.460 270.661 0.9761 0.9663
00 271.460 270.668 0.9668 0.9572
00 271.460 270.395 0.9473 0.9378
00 271.460 270.623 0.9685 0.9588
00 271.460 270.684 0.9730 0.9632
00 271.460 270.677 0.9658 0.9561
00 271.460 270.432 0.9377 0.9283
00 271.460 270.567 0.9619 0.9523
00 271.460 270.685 0.9702 0.9605
00 271.460 270.675 0.9631 0.9535
00 271.460 270.494 0.9294 0.9201
00 271.460 270.504 0.9488 0.9393
00 271.460 270.663 0.9673 0.9577
00 271.460 270.655 0.9542 0.9446
00 271.460 270.498 0.9301 0.9208
00 271.460 270.515 0.9448 0.9354
00 271.460 270.630 0.9647 0.9550
00 271.460 270.622 0.9425 0.9331
00 271.460 270.511 0.9310 0.9217
00 271.460 270.562 0.9525 0.9430
00 271.460 270.612 0.9657 0.9560
00 271.460 270.597 0.9357 0.9263
00 271.460 270.508 0.9319 0.9226
00 271.460 270.566 0.9557 0.9461
00 271.460 270.610 0.9662 0.9566
00 271.460 270.585 0.9344 0.9250
00 271.460 270.503 0.9329 0.9235
00 271.460 270.542 0.9550 0.9454
00 271.460 270.612 0.9618 0.9522
00 271.460 270.581 0.9337 0.9244
00 271.460 270.503 0.9343 0.9250
00 271.461 270.534 0.9539 0.9444
00 271.460 270.620 0.9697 0.9600
00 271.460 270.583 0.9331 0.9237
00 271.460 270.505 0.9355 0.9261
00 271.461 270.538 0.9521 0.9425
00 271.460 270.613 0.9663 0.9566
00 271.460 270.590 0.9312 0.9219
00 271.460 270.507 0.9358 0.9264
00 271.460 270.544 0.9482 0.9387
00 271.460 270.558 0.9521 0.9425
00 271.460 270.604 0.9299 0.9206
00 271.460 270.516 0.9361 0.9268
00 271.460 270.557 0.9471 0.9376
00 271.470 270.579 0.9505 0.9410
00 271.460 270.625 0.9295 0.9202
00 271.460 270.526 0.9359 0.9266
00 271.462 270.570 0.9477 0.9382
00 272.060 271.181 0.9609 0.9513
00 271.461 270.649 0.9298 0.9205
00 271.460 270.533 0.9353 0.9259
00 271.489 270.605 0.9476 0.9381
00 272.454 271.450 0.9489 0.9394
00 271.474 270.665 0.9321 0.9228
00 271.911 270.960 0.9351 0.9258
00 272.258 271.324 0.9470 0.9375
00 272.761 271.610 0.9233 0.9140
00 272.121 271.262 0.9401 0.9307
00 272.657 271.659 0.9362 0.9269
00 273.022 272.031 0.9470 0.9376
00 273.442 272.330 0.9081 0.8990
00 273.457 272.530 0.9492 0.9397
00 273.971 272.889 0.9360 0.9266
00 274.309 273.230 0.9498 0.9403
00 274.468 273.388 0.9079 0.8988
00 271.460 270.610 0.9769 0.9671
00 271.460 270.455 0.9710 0.9613
00 271.460 270.538 0.9704 0.9607
00 271.460 270.617 0.9771 0.9674
00 271.460 270.617 0.9726 0.9629
00 271.462 270.449 0.9648 0.9551
00 271.498 270.612 0.9702 0.9605
00 271.479 270.642 0.9748 0.9651
00 271.460 270.631 0.9703 0.9606
00 271.463 270.442 0.9604 0.9508
00 271.573 270.673 0.9613 0.9517
00 271.474 270.653 0.9732 0.9635
00 271.460 270.646 0.9690 0.9593
00 271.460 270.416 0.9562 0.9467
00 271.460 270.561 0.9618 0.9522
00 271.460 270.650 0.9730 0.9633
00 271.460 270.657 0.9673 0.9576
00 271.460 270.405 0.9536 0.9441
00 271.460 270.615 0.9691 0.9594
00 271.460 270.662 0.9744 0.9646
00 271.460 270.658 0.9640 0.9543
00 271.460 270.397 0.9460 0.9365
00 271.460 270.621 0.9697 0.9600
00 271.460 270.678 0.9738 0.9641
00 271.460 270.650 0.9584 0.9489
00 271.460 270.440 0.9356 0.9263
00 271.460 270.591 0.9648 0.9551
00 271.460 270.686 0.9711 0.9614
00 271.460 270.625 0.9487 0.9392
00 271.460 270.500 0.9296 0.9203
00 271.460 270.510 0.9517 0.9421
00 271.460 270.676 0.9679 0.9583
00 271.460 270.605 0.9382 0.9289
00 271.460 270.501 0.9308 0.9214
00 271.460 270.507 0.9436 0.9341
00 271.460 270.651 0.9655 0.9558
00 271.460 270.601 0.9357 0.9263
00 271.460 270.517 0.9314 0.9221
00 271.460 270.538 0.9478 0.9384
00 271.460 270.629 0.9633 0.9537
00 271.460 270.598 0.9352 0.9258
00 271.460 270.519 0.9324 0.9230
00 271.460 270.563 0.9546 0.9450
00 271.460 270.617 0.9646 0.9549
00 271.460 270.590 0.9355 0.9261
00 271.460 270.513 0.9331 0.9238
00 271.460 270.543 0.9550 0.9455
00 271.460 270.622 0.9611 0.9514
00 271.460 270.584 0.9347 0.9253
00 271.460 270.511 0.9345 0.9252
00 271.460 270.516 0.9514 0.9419
00 271.461 270.620 0.9685 0.9588
00 271.460 270.582 0.9330 0.9237
00 271.460 270.513 0.9364 0.9270
00 271.471 270.526 0.9464 0.9369
00 271.471 270.635 0.9694 0.9597
00 271.460 270.582 0.9308 0.9215
00 271.460 270.519 0.9381 0.9287
00 271.466 270.539 0.9431 0.9337
00 271.460 270.590 0.9575 0.9480
00 271.460 270.579 0.9289 0.9196
00 271.460 270.530 0.9389 0.9295
00 271.460 270.551 0.9462 0.9368
00 271.754 270.850 0.9495 0.9400
00 271.460 270.577 0.9278 0.9185
00 271.470 270.552 0.9393 0.9299
00 271.471 270.583 0.9472 0.9378
00 272.409 271.508 0.9600 0.9504
00 271.487 270.610 0.9279 0.9186
00 271.633 270.714 0.9398 0.9304
00 271.652 270.763 0.9472 0.9377
00 272.519 271.493 0.9440 0.9346
00 271.656 270.783 0.9299 0.9206
00 271.917 270.987 0.9399 0.9305
00 271.988 271.082 0.9473 0.9378
00 272.452 271.332 0.9186 0.9095
00 271.860 270.985 0.9381 0.9287
00 272.205 271.266 0.9402 0.9308
00 272.539 271.604 0.9476 0.9382
00 272.549 271.576 0.9105 0.9014
00 272.915 272.000 0.9501 0.9406
00 272.681 271.722 0.9417 0.9323
00 272.918 271.955 0.9477 0.9382
00 273.046 272.160 0.9096 0.9005
00 271.460 270.628 0.9722 0.9625
00 271.460 270.454 0.9650 0.9554
00 271.462 270.570 0.9675 0.9578
00 271.460 270.647 0.9753 0.9656
00 271.461 270.648 0.9714 0.9617
00 271.504 270.490 0.9607 0.9511
00 271.718 270.836 0.9650 0.9554
00 271.510 270.707 0.9716 0.9619
00 271.460 270.651 0.9703 0.9606
00 271.460 270.422 0.9566 0.9470
00 271.466 270.551 0.9604 0.9508
00 271.460 270.671 0.9716 0.9619
00 271.460 270.646 0.9650 0.9554
00 271.460 270.410 0.9535 0.9439
00 271.460 270.595 0.9677 0.9580
00 271.460 270.676 0.9746 0.9649
00 271.460 270.633 0.9584 0.9488
00 271.460 270.398 0.9461 0.9366
00 271.460 270.607 0.9695 0.9598
00 271.460 270.681 0.9737 0.9640
00 271.460 270.612 0.9493 0.9398
00 271.460 270.437 0.9353 0.9260
00 271.460 270.605 0.9678 0.9582
00 271.460 270.686 0.9705 0.9608
00 271.460 270.594 0.9378 0.9284
00 271.460 270.497 0.9292 0.9199
00 271.460 270.528 0.9557 0.9461
00 271.460 270.680 0.9681 0.9585
00 271.460 270.583 0.9355 0.9261
00 271.460 270.501 0.9300 0.9207
00 271.460 270.502 0.9438 0.9343
00 271.460 270.667 0.9669 0.9573
00 271.460 270.567 0.9341 0.9247
00 271.460 270.524 0.9312 0.9219
00 271.460 270.525 0.9456 0.9361
00 271.460 270.646 0.9650 0.9554
00 271.460 270.563 0.9316 0.9223
00 271.460 270.533 0.9324 0.9230
00 271.460 270.558 0.9538 0.9442
00 271.460 270.630 0.9625 0.9529
00 271.460 270.568 0.9296 0.9203
00 271.460 270.526 0.9331 0.9237
00 271.460 270.542 0.9547 0.9451
00 271.460 270.627 0.9617 0.9521
00 271.460 270.578 0.9288 0.9195
00 271.460 270.526 0.9336 0.9243
00 271.460 270.498 0.9490 0.9395
00 271.462 270.625 0.9670 0.9573
00 271.460 270.582 0.9285 0.9192
00 271.460 270.536 0.9348 0.9254
00 271.562 270.600 0.9425 0.9330
00 271.522 270.686 0.9675 0.9579
00 271.460 270.578 0.9278 0.9185
00 271.460 270.550 0.9363 0.9270
00 271.480 270.542 0.9407 0.9313
00 271.476 270.613 0.9588 0.9492
00 271.460 270.563 0.9263 0.9171
00 271.461 270.567 0.9385 0.9291
00 271.495 270.579 0.9452 0.9357
00 272.142 271.221 0.9519 0.9424
00 271.518 270.607 0.9246 0.9154
00 271.569 270.677 0.9400 0.9306
00 271.708 270.790 0.9446 0.9351
00 272.512 271.581 0.9552 0.9457
00 272.056 271.091 0.9248 0.9156
00 271.913 271.013 0.9407 0.9313
00 272.127 271.183 0.9439 0.9345
00 272.670 271.606 0.9364 0.9270
00 272.437 271.449 0.9336 0.9243
00 272.326 271.412 0.9440 0.9345
00 272.208 271.275 0.9450 0.9356
00 273.038 271.886 0.9149 0.9058
00 272.664 271.701 0.9451 0.9357
00 272.540 271.624 0.9436 0.9341
00 272.648 271.706 0.9464 0.9369
00 273.050 272.084 0.9079 0.8989
00 272.933 271.993 0.9544 0.9449
00 273.229 272.285 0.9405 0.9311
00 273.456 272.480 0.9474 0.9379
00 273.327 272.444 0.9096 0.9005
00 271.460 270.630 0.9775 0.9677
00 271.460 270.466 0.9726 0.9628
00 271.460 270.581 0.9689 0.9592
00 271.460 270.622 0.9761 0.9664
00 271.460 270.634 0.9745 0.9647
00 271.460 270.463 0.9660 0.9563
00 271.460 270.568 0.9670 0.9573
00 271.460 270.654 0.9771 0.9673
00 271.461 270.650 0.9737 0.9640
00 271.461 270.462 0.9625 0.9529
00 271.462 270.603 0.9688 0.9591
00 271.463 270.669 0.9737 0.9640
00 272.389 271.544 0.9738 0.9641
00 272.043 270.995 0.9586 0.9490
00 272.452 271.493 0.9624 0.9528
00 272.521 271.688 0.9712 0.9615
00 271.796 270.956 0.9655 0.9558
00 271.785 270.725 0.9549 0.9454
00 271.908 270.988 0.9647 0.9550
00 271.772 270.971 0.9729 0.9632
00 271.476 270.618 0.9554 0.9458
00 271.463 270.405 0.9476 0.9382
00 271.483 270.613 0.9709 0.9612
00 271.460 270.680 0.9736 0.9638
00 271.460 270.581 0.9457 0.9362
00 271.460 270.420 0.9368 0.9275
00 271.460 270.606 0.9691 0.9594
00 271.460 270.681 0.9707 0.9610
00 271.460 270.559 0.9357 0.9263
00 271.460 270.491 0.9296 0.9203
00 271.460 270.549 0.9613 0.9517
00 271.460 270.678 0.9683 0.9586
00 271.460 270.523 0.9335 0.9242
00 271.460 270.513 0.9301 0.9208
00 271.460 270.499 0.9486 0.9391
00 271.460 270.679 0.9673 0.9576
00 271.460 270.520 0.9296 0.9203
00 271.460 270.529 0.9309 0.9216
00 271.460 270.515 0.9441 0.9346
00 271.460 270.663 0.9662 0.9565
00 271.460 270.548 0.9268 0.9175
00 271.460 270.543 0.9323 0.9230
00 271.460 270.541 0.9515 0.9420
00 271.460 270.631 0.9658 0.9562
00 271.460 270.578 0.9291 0.9198
00 271.460 270.539 0.9327 0.9234
00 271.460 270.539 0.9544 0.9449
00 271.460 270.620 0.9644 0.9548
00 271.460 270.591 0.9304 0.9211
00 271.460 270.536 0.9323 0.9230
00 271.460 270.493 0.9477 0.9382
00 271.460 270.623 0.9668 0.9571
00 271.460 270.595 0.9291 0.9198
00 271.460 270.547 0.9325 0.9231
00 271.474 270.509 0.9397 0.9303
00 271.549 270.714 0.9664 0.9567
00 271.460 270.585 0.9264 0.9171
00 271.460 270.556 0.9326 0.9233
00 271.493 270.540 0.9409 0.9315
00 271.514 270.664 0.9599 0.9503
00 271.464 270.567 0.9242 0.9150
00 271.460 270.564 0.9332 0.9239
00 271.808 270.869 0.9464 0.9370
00 272.336 271.411 0.9563 0.9467
00 271.513 270.594 0.9228 0.9136
00 271.515 270.629 0.9344 0.9250
00 272.392 271.405 0.9462 0.9367
00 272.610 271.650 0.9512 0.9417
00 271.727 270.766 0.9247 0.9154
00 272.029 271.123 0.9379 0.9285
00 272.502 271.520 0.9450 0.9356
00 272.548 271.508 0.9333 0.9240
00 272.566 271.544 0.9384 0.9290
00 272.562 271.633 0.9393 0.9299
00 272.505 271.546 0.9455 0.9360
00 272.610 271.536 0.9125 0.9034
00 272.899 271.905 0.9493 0.9398
00 273.068 272.119 0.9385 0.9291
00 272.983 272.013 0.9440 0.9346
00 272.936 272.008 0.9047 0.8956
00 273.216 272.235 0.9534 0.9439
00 273.341 272.389 0.9362 0.9268
00 273.376 272.407 0.9443 0.9349
00 273.423 272.537 0.9093 0.9002
00 271.460 270.637 0.9775 0.9677
00 271.460 270.485 0.9745 0.9647
00 271.460 270.580 0.9697 0.9600
00 271.460 270.610 0.9760 0.9662
00 271.460 270.655 0.9735 0.9638
00 271.460 270.430 0.9597 0.9501
00 271.462 270.577 0.9671 0.9575
00 271.464 270.657 0.9685 0.9588
00 271.460 270.541 0.9462 0.9367
00 271.460 270.407 0.9424 0.9330
00 271.463 270.601 0.9762 0.9664
00 271.460 270.670 0.9701 0.9604
00 271.460 270.511 0.9377 0.9283
00 271.460 270.464 0.9301 0.9208
00 271.460 270.582 0.9670 0.9574
00 271.460 270.682 0.9706 0.9608
00 271.460 270.491 0.9319 0.9226
00 271.460 270.521 0.9310 0.9217
00 271.460 270.506 0.9514 0.9419
00 271.460 270.682 0.9674 0.9577
00 271.460 270.514 0.9271 0.9178
00 271.460 270.537 0.9310 0.9217
00 271.460 270.507 0.9423 0.9329
00 271.460 270.669 0.9663 0.9567
00 271.460 270.547 0.9263 0.9171
00 271.460 270.550 0.9320 0.9227
00 271.460 270.528 0.9495 0.9400
00 271.460 270.639 0.9656 0.9559
00 271.460 270.580 0.9327 0.9234
00 271.460 270.545 0.9324 0.9230
00 271.460 270.537 0.9538 0.9442
00 271.460 270.625 0.9654 0.9557
00 271.460 270.590 0.9339 0.9246
00 271.460 270.545 0.9313 0.9220
00 271.460 270.490 0.9477 0.9382
00 271.497 270.668 0.9676 0.9579
00 271.460 270.570 0.9322 0.9229
00 271.460 270.548 0.9311 0.9218
00 271.483 270.509 0.9384 0.9290
00 271.760 270.916 0.9661 0.9565
00 271.460 270.562 0.9263 0.9171
00 271.460 270.559 0.9314 0.9221
00 271.477 270.516 0.9402 0.9308
00 271.573 270.726 0.9603 0.9507
00 271.604 270.687 0.9228 0.9135
00 271.626 270.731 0.9318 0.9225
00 271.654 270.717 0.9479 0.9384
00 271.820 270.935 0.9555 0.9460
00 271.806 270.848 0.9228 0.9136
00 271.938 271.041 0.9329 0.9236
00 272.268 271.288 0.9439 0.9344
00 272.685 271.706 0.9490 0.9395
00 271.957 270.957 0.9299 0.9206
00 272.020 271.130 0.9338 0.9245
00 272.544 271.553 0.9438 0.9343
00 272.576 271.540 0.9314 0.9221
00 272.205 271.212 0.9435 0.9341
00 272.375 271.471 0.9366 0.9272
00 272.632 271.650 0.9436 0.9342
00 272.692 271.633 0.9097 0.9006
00 272.509 271.540 0.9541 0.9445
00 272.642 271.732 0.9347 0.9254
00 272.870 271.895 0.9440 0.9345
00 272.959 272.014 0.9016 0.8925
00 272.874 271.905 0.9557 0.9462
00 273.027 272.097 0.9319 0.9226
00 273.284 272.319 0.9433 0.9338
00 273.320 272.435 0.9058 0.8967
00 271.460 270.492 0.9390 0.9296
00 271.460 270.457 0.9310 0.9217
00 271.460 270.585 0.9667 0.9571
00 271.460 270.694 0.9698 0.9601
00 271.460 270.479 0.9304 0.9211
00 271.460 270.517 0.9311 0.9218
00 271.460 270.519 0.9540 0.9445
00 271.460 270.686 0.9669 0.9573
00 271.460 270.500 0.9250 0.9157
00 271.460 270.529 0.9319 0.9225
00 271.460 270.503 0.9436 0.9342
00 271.460 270.673 0.9632 0.9536
00 271.460 270.523 0.9254 0.9161
00 271.460 270.546 0.9314 0.9221
00 271.460 270.510 0.9469 0.9374
00 271.460 270.657 0.9622 0.9526
00 271.460 270.575 0.9346 0.9253
00 271.460 270.557 0.9331 0.9238
00 271.460 270.536 0.9535 0.9440
00 271.460 270.632 0.9642 0.9546
00 271.460 270.576 0.9382 0.9288
00 271.460 270.559 0.9334 0.9241
00 271.460 270.487 0.9473 0.9379
00 271.468 270.647 0.9664 0.9567
00 271.460 270.518 0.9423 0.9329
00 271.460 270.561 0.9328 0.9234
00 271.465 270.491 0.9390 0.9296
00 271.637 270.798 0.9658 0.9561
00 271.469 270.485 0.9354 0.9261
00 271.477 270.589 0.9324 0.9230
00 271.605 270.633 0.9387 0.9293
00 272.249 271.374 0.9607 0.9511
00 272.015 270.992 0.9316 0.9223
00 271.883 270.985 0.9315 0.9221
00 271.682 270.749 0.9484 0.9389
00 272.615 271.687 0.9550 0.9455
00 272.074 271.063 0.9325 0.9232
00 272.367 271.449 0.9354 0.9261
00 271.969 271.009 0.9452 0.9358
00 272.683 271.689 0.9483 0.9388
00 272.279 271.272 0.9387 0.9294
00 272.418 271.515 0.9370 0.9277
00 272.384 271.388 0.9452 0.9357
00 272.675 271.625 0.9297 0.9204
00 272.197 271.225 0.9482 0.9387
00 272.604 271.689 0.9361 0.9267
00 272.694 271.673 0.9426 0.9332
00 273.041 271.956 0.9058 0.8968
00 272.105 271.159 0.9532 0.9437
00 272.604 271.682 0.9318 0.9225
00 272.943 271.932 0.9414 0.9320
00 273.321 272.309 0.8964 0.8875
00 272.890 271.909 0.9537 0.9441
00 273.201 272.226 0.9274 0.9181
00 273.413 272.440 0.9435 0.9341
00 273.638 272.700 0.9061 0.8971
