-1.690000
-1.690000
-1.690000
-1.690000
-1.690000
-1.690000
-1.690000
-1.690000
-1.690000
-1.690000
-1.690000
-1.690000
-1.690000
-1.690000
-1.690000
-1.690000
-1.690000
-1.690000
-1.690000
-1.690000
-1.690000
-1.690000
-1.690000
-1.690000
-1.690000
-1.690000
-1.690000
-1.690000
-1.690000
-1.690000
-1.690000
-1.690000
-1.690000
-1.690000
-1.690000
-1.690000
-1.690000
-1.690000
-1.690000
-1.690000
-1.690000
-1.690000
-1.690000
-1.690000
-1.690000
-1.690000
-1.690000
-1.690000
-1.690000
-1.690000
-1.690000
-1.690000
-1.690000
-1.690000
-1.689000
-1.690000
-1.556000
-1.688000
-1.301000
-1.468000
-0.470000
-0.128000
-0.554000
-0.394000
0.526000
0.354000
0.037000
0.324000
0.456000
0.304000
0.133000
0.291000
-1.690000
-1.690000
-1.690000
-1.690000
-1.690000
-1.690000
-1.690000
-1.690000
-1.690000
-1.690000
-1.690000
-1.690000
-1.690000
-1.690000
-1.690000
-1.690000
-1.690000
-1.690000
-1.690000
-1.690000
-1.690000
-1.690000
-1.690000
-1.690000
-1.690000
-1.690000
-1.690000
-1.690000
-1.690000
-1.690000
-1.690000
-1.690000
-1.690000
-1.690000
-1.690000
-1.690000
-1.690000
-1.690000
-1.690000
-1.690000
-1.690000
-1.690000
-1.690000
-1.690000
-1.690000
-1.690000
-1.690000
-1.690000
-1.690000
-1.690000
-1.690000
-1.690000
-1.673000
-1.690000
-1.689000
-1.685000
-0.677000
-1.627000
-1.295000
-1.270000
0.213000
0.233000
-0.073000
-0.355000
0.424000
0.289000
0.409000
0.123000
0.617000
0.369000
0.377000
0.531000
-1.690000
-1.690000
-1.690000
-1.690000
-1.690000
-1.690000
-1.690000
-1.690000
-1.690000
-1.690000
-1.690000
-1.690000
-1.690000
-1.690000
-1.690000
-1.690000
-1.690000
-1.690000
-1.690000
-1.690000
-1.690000
-1.690000
-1.690000
-1.690000
-1.690000
-1.690000
-1.690000
-1.690000
-1.690000
-1.690000
-1.690000
-1.690000
-1.690000
-1.690000
-1.690000
-1.690000
-1.690000
-1.690000
-1.690000
-1.690000
-1.690000
-1.690000
-1.690000
-1.690000
-1.690000
-1.690000
-1.690000
-1.690000
-1.690000
-1.690000
-1.690000
-1.690000
-1.607000
-1.690000
-1.688000
-1.688000
-1.117000
-1.644000
-1.382000
-1.368000
-0.268000
-0.868000
-0.565000
-0.953000
0.550000
-0.056000
-0.180000
-0.082000
0.707000
0.605000
-0.010000
0.323000
-1.690000
-1.690000
-1.690000
-1.690000
-1.690000
-1.690000
-1.690000
-1.690000
-1.690000
-1.690000
-1.690000
-1.690000
-1.690000
-1.690000
-1.690000
-1.690000
-1.690000
-1.690000
-1.690000
-1.690000
-1.690000
-1.690000
-1.690000
-1.690000
-1.690000
-1.690000
-1.690000
-1.690000
-1.690000
-1.690000
-1.690000
-1.690000
-1.690000
-1.690000
-1.690000
-1.690000
-1.690000
-1.690000
-1.690000
-1.690000
-1.690000
-1.690000
-1.690000
-1.690000
-1.690000
-1.690000
-1.690000
-1.690000
-1.689000
-1.690000
-1.690000
-1.690000
-1.254000
-1.657000
-1.529000
-1.619000
-0.833000
-1.174000
-0.914000
-1.072000
-0.452000
-0.564000
-0.439000
-0.472000
0.526000
0.084000
-0.365000
0.261000
1.007000
0.511000
-0.097000
0.442000
-1.690000
-1.690000
-1.690000
-1.690000
-1.690000
-1.690000
-1.690000
-1.690000
-1.690000
-1.690000
-1.690000
-1.690000
-1.690000
-1.690000
-1.690000
-1.690000
-1.690000
-1.690000
-1.690000
-1.690000
-1.690000
-1.690000
-1.690000
-1.690000
-1.690000
-1.690000
-1.690000
-1.690000
-1.690000
-1.690000
-1.690000
-1.690000
-1.690000
-1.690000
-1.690000
-1.690000
-1.690000
-1.690000
-1.690000
-1.690000
-1.690000
-1.690000
-1.690000
-1.690000
-1.690000
-1.690000
-1.690000
-1.690000
-1.690000
-1.690000
-1.690000
-1.690000
-1.683000
-1.690000
-1.690000
-1.690000
-1.010000
-1.651000
-1.377000
-1.518000
-0.108000
-0.311000
-0.495000
-0.942000
0.418000
0.214000
0.115000
-0.125000
0.594000
0.289000
0.453000
0.229000
1.392000
0.650000
0.605000
0.628000
-1.690000
-1.690000
-1.690000
-1.690000
-1.690000
-1.690000
-1.690000
-1.690000
-1.690000
-1.690000
-1.690000
-1.690000
-1.690000
-1.690000
-1.690000
-1.690000
-1.690000
-1.690000
-1.690000
-1.690000
-1.690000
-1.690000
-1.690000
-1.690000
-1.690000
-1.690000
-1.690000
-1.690000
-1.690000
-1.690000
-1.690000
-1.690000
-1.690000
-1.690000
-1.690000
-1.690000
-1.690000
-1.690000
-1.690000
-1.690000
-1.690000
-1.690000
-1.690000
-1.690000
-1.690000
-1.690000
-1.690000
-1.690000
-1.690000
-1.690000
-1.690000
-1.690000
-1.690000
-1.690000
-1.690000
-1.690000
-1.690000
-1.690000
-1.690000
-1.690000
-1.486000
-1.690000
-1.689000
-1.676000
-1.204000
-1.592000
-1.280000
-1.148000
-0.804000
-0.526000
-0.462000
-0.437000
0.435000
0.548000
-0.098000
0.222000
0.911000
0.780000
0.212000
0.804000
-1.690000
-1.690000
-1.690000
-1.690000
-1.690000
-1.690000
-1.690000
-1.690000
-1.690000
-1.690000
-1.690000
-1.690000
-1.690000
-1.690000
-1.690000
-1.690000
-1.690000
-1.690000
-1.690000
-1.690000
-1.690000
-1.690000
-1.690000
-1.690000
-1.690000
-1.690000
-1.690000
-1.690000
-1.690000
-1.690000
-1.690000
-1.690000
-1.690000
-1.690000
-1.690000
-1.690000
-1.690000
-1.690000
-1.690000
-1.690000
-1.690000
-1.690000
-1.690000
-1.690000
-1.690000
-1.690000
-1.690000
-1.690000
-1.690000
-1.690000
-1.690000
-1.690000
-1.690000
-1.690000
-1.690000
-1.690000
-1.681000
-1.690000
-1.690000
-1.690000
-1.036000
-1.671000
-1.661000
-1.690000
-0.890000
-0.998000
-1.189000
-1.656000
-0.640000
-0.913000
-1.189000
-1.186000
0.351000
0.103000
-0.327000
-0.113000
0.105000
0.111000
-0.204000
-0.010000
0.258000
0.356000
0.011000
0.372000
-1.690000
-1.690000
-1.690000
-1.690000
-1.690000
-1.690000
-1.690000
-1.690000
-1.690000
-1.690000
-1.690000
-1.690000
-1.690000
-1.690000
-1.690000
-1.690000
-1.690000
-1.690000
-1.690000
-1.690000
-1.690000
-1.690000
-1.690000
-1.690000
-1.690000
-1.690000
-1.690000
-1.690000
-1.690000
-1.690000
-1.690000
-1.690000
-1.690000
-1.690000
-1.690000
-1.690000
-1.690000
-1.690000
-1.690000
-1.690000
-1.690000
-1.690000
-1.690000
-1.690000
-1.689000
-1.690000
-1.690000
-1.690000
-1.645000
-1.690000
-1.690000
-1.690000
-1.172000
-1.688000
-1.645000
-1.676000
-0.681000
-1.301000
-1.071000
-1.164000
-0.678000
-1.245000
-1.000000
-0.875000
-0.406000
-0.573000
-0.928000
-0.978000
0.306000
0.192000
-0.401000
-0.225000
0.235000
0.371000
-0.206000
-0.042000
0.396000
0.724000
0.189000
0.558000
-1.690000
-1.690000
-1.690000
-1.690000
-1.690000
-1.690000
-1.690000
-1.690000
-1.690000
-1.690000
-1.690000
-1.690000
-1.690000
-1.690000
-1.690000
-1.690000
-1.690000
-1.690000
-1.690000
-1.690000
-1.690000
-1.690000
-1.690000
-1.690000
-1.690000
-1.690000
-1.690000
-1.690000
-1.690000
-1.690000
-1.690000
-1.690000
-1.690000
-1.690000
-1.690000
-1.690000
-1.690000
-1.690000
-1.690000
-1.690000
-1.690000
-1.690000
-1.690000
-1.690000
-1.683000
-1.690000
-1.690000
-1.690000
-1.635000
-1.690000
-1.690000
-1.690000
-1.280000
-1.690000
-1.690000
-1.690000
-0.725000
-1.359000
-1.278000
-1.179000
-0.516000
-1.055000
-0.977000
-0.807000
-0.491000
-0.811000
-0.792000
-0.902000
-0.431000
-0.403000
-0.543000
-1.020000
-0.013000
0.033000
-0.433000
-0.247000
0.320000
0.296000
-0.200000
-0.190000
0.700000
0.694000
0.192000
0.158000
-1.690000
-1.690000
-1.690000
-1.690000
-1.690000
-1.690000
-1.690000
-1.690000
-1.690000
-1.690000
-1.690000
-1.690000
-1.690000
-1.690000
-1.690000
-1.690000
-1.690000
-1.690000
-1.690000
-1.690000
-1.690000
-1.690000
-1.690000
-1.690000
-1.684000
-1.690000
-1.690000
-1.690000
-1.628000
-1.690000
-1.690000
-1.690000
-1.268000
-1.690000
-1.690000
-1.690000
-1.336000
-1.687000
-1.649000
-1.656000
-0.943000
-1.295000
-1.056000
-0.991000
-0.642000
-1.160000
-0.910000
-0.462000
-0.281000
-0.439000
-0.358000
-0.290000
0.160000
-0.119000
-0.744000
-0.563000
0.344000
0.006000
-0.379000
-0.310000
0.672000
0.231000
-0.264000
-0.242000
1.045000
0.508000
0.178000
-0.059000
-1.690000
-1.690000
-1.690000
-1.690000
-1.690000
-1.690000
-1.690000
-1.690000
-1.687000
-1.690000
-1.690000
-1.690000
-1.591000
-1.690000
-1.690000
-1.690000
-1.453000
-1.690000
-1.690000
-1.690000
-1.400000
-1.688000
-1.690000
-1.690000
-0.853000
-1.208000
-1.471000
-1.299000
-0.792000
-1.164000
-1.298000
-1.252000
-0.562000
-0.917000
-1.052000
-1.052000
-0.503000
-0.771000
-0.853000
-0.911000
-0.386000
-0.668000
-0.673000
-0.706000
-0.134000
-0.399000
-0.404000
-0.258000
0.122000
-0.113000
-0.254000
0.087000
0.393000
0.145000
-0.115000
0.458000
-1.690000
-1.690000
-1.690000
-1.690000
-1.690000
-1.690000
-1.690000
-1.690000
-1.690000
-1.690000
-1.690000
-1.690000
-1.690000
-1.690000
-1.690000
-1.690000
-1.690000
-1.690000
-1.690000
-1.690000
-1.690000
-1.690000
-1.690000
-1.690000
-1.690000
-1.690000
-1.690000
-1.690000
-1.690000
-1.690000
-1.690000
-1.690000
-1.690000
-1.690000
-1.690000
-1.690000
-1.690000
-1.690000
-1.690000
-1.690000
-1.690000
-1.690000
-1.690000
-1.690000
-1.690000
-1.690000
-1.690000
-1.690000
-1.678000
-1.642000
-1.637000
-1.690000
-1.588000
-1.463000
-1.423000
-1.657000
-1.538000
-1.335000
-0.982000
-1.164000
-1.216000
-0.954000
-0.454000
-0.618000
-0.708000
-0.086000
0.169000
-0.097000
-0.355000
0.014000
0.208000
0.161000
-1.690000
-1.690000
-1.690000
-1.690000
-1.690000
-1.690000
-1.690000
-1.690000
-1.690000
-1.690000
-1.690000
-1.690000
-1.690000
-1.690000
-1.690000
-1.690000
-1.690000
-1.690000
-1.690000
-1.690000
-1.690000
-1.690000
-1.690000
-1.690000
-1.690000
-1.690000
-1.690000
-1.690000
-1.690000
-1.690000
-1.690000
-1.690000
-1.690000
-1.690000
-1.690000
-1.690000
-1.690000
-1.690000
-1.690000
-1.690000
-1.690000
-1.690000
-1.690000
-1.690000
-1.690000
-1.690000
-1.690000
-1.690000
-1.661000
-1.604000
-1.618000
-1.690000
-1.454000
-1.448000
-1.342000
-1.629000
-1.360000
-1.448000
-1.056000
-0.915000
-0.857000
-0.961000
-0.804000
-0.872000
-0.207000
-0.394000
-0.280000
-0.559000
-0.086000
0.054000
0.252000
-0.112000
-1.690000
-1.690000
-1.690000
-1.690000
-1.690000
-1.690000
-1.690000
-1.690000
-1.690000
-1.690000
-1.690000
-1.690000
-1.690000
-1.690000
-1.690000
-1.690000
-1.690000
-1.690000
-1.690000
-1.690000
-1.690000
-1.690000
-1.690000
-1.690000
-1.690000
-1.690000
-1.690000
-1.690000
-1.690000
-1.690000
-1.690000
-1.690000
-1.690000
-1.690000
-1.690000
-1.690000
-1.690000
-1.690000
-1.690000
-1.690000
-1.690000
-1.690000
-1.690000
-1.690000
-1.690000
-1.690000
-1.690000
-1.690000
-1.693000
-1.665000
-1.597000
-1.661000
-1.530000
-1.400000
-1.237000
-1.072000
-1.511000
-1.326000
-1.050000
-0.980000
-1.437000
-1.145000
-1.011000
-0.910000
-0.681000
-0.256000
-0.020000
-0.386000
-0.500000
-0.068000
0.197000
0.080000
-1.690000
-1.690000
-1.690000
-1.690000
-1.690000
-1.690000
-1.690000
-1.690000
-1.690000
-1.690000
-1.690000
-1.690000
-1.690000
-1.690000
-1.690000
-1.690000
-1.690000
-1.690000
-1.690000
-1.690000
-1.690000
-1.690000
-1.690000
-1.690000
-1.690000
-1.690000
-1.690000
-1.690000
-1.690000
-1.690000
-1.690000
-1.690000
-1.690000
-1.690000
-1.690000
-1.690000
-1.690000
-1.690000
-1.690000
-1.690000
-1.690000
-1.690000
-1.690000
-1.690000
-1.690000
-1.690000
-1.690000
-1.690000
-1.690000
-1.690000
-1.690000
-1.683000
-1.585000
-1.421000
-1.466000
-1.348000
-1.237000
-1.249000
-0.750000
-0.775000
-1.039000
-1.052000
-0.795000
-0.988000
-0.705000
-0.486000
-0.243000
-0.329000
-0.579000
-0.274000
0.117000
0.041000
-1.690000
-1.690000
-1.690000
-1.690000
-1.690000
-1.690000
-1.690000
-1.690000
-1.690000
-1.690000
-1.690000
-1.690000
-1.690000
-1.690000
-1.690000
-1.690000
-1.690000
-1.690000
-1.690000
-1.690000
-1.690000
-1.690000
-1.690000
-1.690000
-1.690000
-1.690000
-1.690000
-1.690000
-1.690000
-1.690000
-1.690000
-1.690000
-1.690000
-1.690000
-1.690000
-1.690000
-1.690000
-1.690000
-1.690000
-1.690000
-1.690000
-1.690000
-1.690000
-1.690000
-1.690000
-1.690000
-1.690000
-1.690000
-1.690000
-1.690000
-1.690000
-1.690000
-1.690000
-1.690000
-1.690000
-1.690000
-1.690000
-1.504000
-1.264000
-1.604000
-1.355000
-1.031000
-0.233000
-0.448000
-0.759000
-0.660000
-0.252000
-0.120000
-0.077000
-0.011000
0.232000
0.546000
-0.213000
0.557000
0.700000
0.707000
-1.690000
-1.690000
-1.690000
-1.690000
-1.690000
-1.690000
-1.690000
-1.690000
-1.690000
-1.690000
-1.690000
-1.690000
-1.690000
-1.690000
-1.690000
-1.690000
-1.690000
-1.690000
-1.690000
-1.690000
-1.690000
-1.690000
-1.690000
-1.690000
-1.690000
-1.690000
-1.690000
-1.690000
-1.690000
-1.690000
-1.690000
-1.690000
-1.690000
-1.690000
-1.690000
-1.690000
-1.690000
-1.690000
-1.690000
-1.690000
-1.690000
-1.690000
-1.690000
-1.690000
-1.690000
-1.690000
-1.690000
-1.690000
-1.690000
-1.690000
-1.690000
-1.690000
-1.690000
-1.690000
-1.690000
-1.690000
-1.690000
-1.682000
-1.690000
-1.690000
-1.684000
-1.637000
-1.557000
-1.627000
-1.475000
-1.374000
-1.280000
-1.246000
-0.996000
-1.188000
-1.025000
-0.642000
-0.716000
-0.635000
-0.275000
0.431000
-0.441000
0.047000
0.085000
0.842000
-1.690000
-1.690000
-1.690000
-1.690000
-1.690000
-1.690000
-1.690000
-1.690000
-1.690000
-1.690000
-1.690000
-1.690000
-1.690000
-1.690000
-1.690000
-1.690000
-1.690000
-1.690000
-1.690000
-1.690000
-1.690000
-1.690000
-1.690000
-1.690000
-1.690000
-1.690000
-1.690000
-1.690000
-1.690000
-1.690000
-1.690000
-1.690000
-1.690000
-1.690000
-1.690000
-1.690000
-1.690000
-1.690000
-1.690000
-1.690000
-1.690000
-1.690000
-1.690000
-1.690000
-1.690000
-1.690000
-1.690000
-1.690000
-1.690000
-1.690000
-1.690000
-1.690000
-1.690000
-1.690000
-1.690000
-1.690000
-1.690000
-1.689000
-1.684000
-1.690000
-1.679000
-1.438000
-1.369000
-1.606000
-1.646000
-1.496000
-1.083000
-1.361000
-1.681000
-1.554000
-1.151000
-1.218000
-1.690000
-1.657000
-1.366000
-0.990000
-1.592000
-1.265000
-1.057000
-0.646000
-0.361000
-0.307000
0.302000
0.345000
-1.690000
-1.690000
-1.690000
-1.690000
-1.690000
-1.690000
-1.690000
-1.690000
-1.690000
-1.690000
-1.690000
-1.690000
-1.690000
-1.690000
-1.690000
-1.690000
-1.690000
-1.690000
-1.690000
-1.690000
-1.690000
-1.690000
-1.690000
-1.690000
-1.690000
-1.690000
-1.690000
-1.690000
-1.690000
-1.690000
-1.690000
-1.690000
-1.690000
-1.690000
-1.690000
-1.690000
-1.690000
-1.690000
-1.690000
-1.690000
-1.690000
-1.690000
-1.690000
-1.690000
-1.690000
-1.690000
-1.690000
-1.690000
-1.690000
-1.690000
-1.690000
-1.690000
-1.690000
-1.690000
-1.680000
-1.640000
-1.625000
-1.477000
-1.555000
-1.362000
-1.296000
-1.414000
-1.355000
-1.263000
-1.515000
-1.276000
-1.353000
-1.088000
-1.370000
-1.224000
-1.212000
-0.878000
-0.522000
-0.408000
-0.403000
0.109000
0.233000
-0.108000
0.169000
0.328000
-1.690000
-1.690000
-1.690000
-1.690000
-1.690000
-1.690000
-1.690000
-1.690000
-1.690000
-1.690000
-1.690000
-1.690000
-1.690000
-1.690000
-1.690000
-1.690000
-1.690000
-1.690000
-1.690000
-1.690000
-1.690000
-1.690000
-1.690000
-1.690000
-1.690000
-1.690000
-1.690000
-1.690000
-1.690000
-1.690000
-1.690000
-1.690000
-1.690000
-1.690000
-1.690000
-1.690000
-1.690000
-1.690000
-1.690000
-1.690000
-1.690000
-1.690000
-1.690000
-1.690000
-1.690000
-1.690000
-1.690000
-1.690000
-1.690000
-1.690000
-1.690000
-1.690000
-1.690000
-1.690000
-1.690000
-1.690000
-1.690000
-1.690000
-1.690000
-1.593000
-1.690000
-1.690000
-1.690000
-1.201000
-1.604000
-1.479000
-1.500000
-1.198000
-1.411000
-1.305000
-1.057000
-0.771000
-0.906000
-1.059000
-0.953000
-0.535000
-0.305000
-0.494000
-0.374000
-0.049000
-0.079000
-0.330000
-0.154000
-0.003000
-1.690000
-1.690000
-1.690000
-1.690000
-1.690000
-1.690000
-1.690000
-1.690000
-1.690000
-1.690000
-1.690000
-1.690000
-1.690000
-1.690000
-1.690000
-1.690000
-1.690000
-1.690000
-1.690000
-1.690000
-1.690000
-1.690000
-1.690000
-1.690000
-1.690000
-1.690000
-1.690000
-1.690000
-1.690000
-1.690000
-1.690000
-1.690000
-1.690000
-1.690000
-1.690000
-1.690000
-1.690000
-1.690000
-1.690000
-1.690000
-1.690000
-1.690000
-1.690000
-1.683000
-1.690000
-1.690000
-1.690000
-1.539000
-1.669000
-1.524000
-1.529000
-1.262000
-1.136000
-0.911000
-1.023000
-0.800000
-0.851000
-0.743000
-0.778000
-0.353000
-0.755000
-0.647000
-0.654000
-0.269000
-0.523000
-0.457000
-0.624000
-0.257000
-1.690000
-1.690000
-1.690000
-1.690000
-1.690000
-1.690000
-1.690000
-1.690000
-1.690000
-1.690000
-1.690000
-1.690000
-1.690000
-1.690000
-1.690000
-1.690000
-1.690000
-1.690000
-1.690000
-1.690000
-1.690000
-1.690000
-1.690000
-1.690000
-1.690000
-1.690000
-1.690000
-1.690000
-1.690000
-1.690000
-1.690000
-1.655000
-1.690000
-1.690000
-1.690000
-1.498000
-1.690000
-1.688000
-1.687000
-1.322000
-1.533000
-1.340000
-1.414000
-0.784000
-0.922000
-1.119000
-1.025000
-0.730000
-0.472000
-0.618000
-0.764000
-0.367000
0.111000
-0.117000
-0.245000
0.063000
