-1.690000
-1.690000
-1.690000
-1.690000
-1.690000
-1.690000
-1.690000
-1.690000
-1.690000
-1.690000
-1.690000
-1.690000
-1.690000
-1.690000
-1.690000
-1.690000
-1.690000
-1.690000
-1.690000
-1.690000
-1.690000
-1.690000
-1.690000
-1.690000
-1.690000
-1.690000
-1.690000
-1.690000
-1.690000
-1.690000
-1.690000
-1.690000
-1.690000
-1.690000
-1.690000
-1.690000
-1.690000
-1.690000
-1.690000
-1.690000
-1.690000
-1.690000
-1.690000
-1.690000
-1.687000
-1.690000
-1.690000
-1.690000
-1.434000
-1.609000
-1.690000
-1.690000
-1.262000
-1.363000
-1.647000
-1.690000
-1.246000
-1.263000
-1.246000
-1.690000
-0.625000
-0.604000
-0.289000
-0.952000
-0.502000
-0.234000
0.399000
-0.596000
-0.207000
-0.023000
0.707000
0.180000
-1.690000
-1.690000
-1.690000
-1.690000
-1.690000
-1.690000
-1.690000
-1.690000
-1.690000
-1.690000
-1.690000
-1.690000
-1.690000
-1.690000
-1.690000
-1.690000
-1.690000
-1.690000
-1.690000
-1.690000
-1.690000
-1.690000
-1.690000
-1.690000
-1.690000
-1.690000
-1.690000
-1.690000
-1.690000
-1.690000
-1.690000
-1.690000
-1.690000
-1.690000
-1.690000
-1.690000
-1.690000
-1.690000
-1.690000
-1.690000
-1.690000
-1.690000
-1.690000
-1.690000
-1.690000
-1.690000
-1.690000
-1.690000
-1.471000
-1.578000
-1.690000
-1.690000
-1.296000
-1.304000
-1.596000
-1.690000
-1.142000
-1.173000
-1.009000
-1.689000
-0.680000
-0.619000
-0.330000
-0.711000
-0.414000
-0.007000
0.275000
0.324000
-0.133000
0.206000
0.435000
0.453000
-1.690000
-1.690000
-1.690000
-1.690000
-1.690000
-1.690000
-1.690000
-1.690000
-1.690000
-1.690000
-1.690000
-1.690000
-1.690000
-1.690000
-1.690000
-1.690000
-1.690000
-1.690000
-1.690000
-1.690000
-1.690000
-1.690000
-1.690000
-1.690000
-1.690000
-1.690000
-1.690000
-1.690000
-1.690000
-1.690000
-1.690000
-1.690000
-1.690000
-1.690000
-1.690000
-1.690000
-1.690000
-1.690000
-1.690000
-1.690000
-1.690000
-1.690000
-1.690000
-1.690000
-1.688000
-1.690000
-1.690000
-1.690000
-1.223000
-1.613000
-1.690000
-1.690000
-1.139000
-1.049000
-1.584000
-1.690000
-0.873000
-0.941000
-0.953000
-1.650000
-0.659000
-0.561000
-0.751000
-1.223000
-0.233000
-0.157000
-0.033000
-0.462000
0.338000
0.399000
0.533000
0.250000
-1.690000
-1.690000
-1.690000
-1.690000
-1.690000
-1.690000
-1.690000
-1.690000
-1.690000
-1.690000
-1.690000
-1.690000
-1.690000
-1.690000
-1.690000
-1.690000
-1.690000
-1.690000
-1.690000
-1.690000
-1.690000
-1.690000
-1.690000
-1.690000
-1.690000
-1.690000
-1.690000
-1.690000
-1.690000
-1.690000
-1.690000
-1.690000
-1.690000
-1.690000
-1.690000
-1.690000
-1.690000
-1.690000
-1.690000
-1.690000
-1.690000
-1.690000
-1.690000
-1.690000
-1.690000
-1.690000
-1.690000
-1.690000
-1.640000
-1.690000
-1.690000
-1.690000
-1.309000
-1.115000
-1.659000
-1.690000
-1.018000
-0.810000
-0.265000
-1.687000
-1.058000
-1.040000
-0.888000
-0.530000
-0.696000
-0.803000
-0.283000
-0.020000
0.418000
0.001000
0.272000
0.152000
-1.690000
-1.690000
-1.690000
-1.690000
-1.690000
-1.690000
-1.690000
-1.690000
-1.690000
-1.690000
-1.690000
-1.690000
-1.690000
-1.690000
-1.690000
-1.690000
-1.690000
-1.690000
-1.690000
-1.690000
-1.690000
-1.690000
-1.690000
-1.690000
-1.690000
-1.690000
-1.690000
-1.690000
-1.690000
-1.690000
-1.690000
-1.690000
-1.690000
-1.690000
-1.690000
-1.690000
-1.690000
-1.690000
-1.690000
-1.690000
-1.690000
-1.690000
-1.690000
-1.690000
-1.690000
-1.690000
-1.690000
-1.690000
-1.690000
-1.690000
-1.690000
-1.690000
-1.689000
-1.690000
-1.690000
-1.690000
-1.369000
-1.495000
-1.690000
-1.690000
-0.980000
-0.755000
-1.420000
-1.690000
-0.633000
-0.180000
-0.182000
-1.238000
0.075000
-0.144000
0.333000
0.654000
0.350000
0.207000
0.941000
1.042000
-1.690000
-1.690000
-1.690000
-1.690000
-1.690000
-1.690000
-1.690000
-1.690000
-1.690000
-1.690000
-1.690000
-1.690000
-1.690000
-1.690000
-1.690000
-1.690000
-1.690000
-1.690000
-1.690000
-1.690000
-1.690000
-1.690000
-1.690000
-1.690000
-1.690000
-1.690000
-1.690000
-1.690000
-1.690000
-1.690000
-1.690000
-1.690000
-1.690000
-1.690000
-1.690000
-1.690000
-1.690000
-1.690000
-1.690000
-1.690000
-1.690000
-1.690000
-1.690000
-1.690000
-1.690000
-1.690000
-1.690000
-1.690000
-1.690000
-1.690000
-1.690000
-1.690000
-1.690000
-1.690000
-1.690000
-1.690000
-1.690000
-1.690000
-1.690000
-1.690000
-1.662000
-1.670000
-1.686000
-1.690000
-1.232000
-1.239000
-1.346000
-1.689000
-0.944000
-0.622000
-0.733000
-1.645000
-0.056000
0.130000
0.057000
-1.244000
0.746000
0.888000
0.699000
-0.035000
-1.690000
-1.690000
-1.690000
-1.690000
-1.690000
-1.690000
-1.690000
-1.690000
-1.690000
-1.690000
-1.690000
-1.690000
-1.690000
-1.690000
-1.690000
-1.690000
-1.690000
-1.690000
-1.690000
-1.690000
-1.690000
-1.690000
-1.690000
-1.690000
-1.690000
-1.690000
-1.690000
-1.690000
-1.690000
-1.690000
-1.690000
-1.690000
-1.690000
-1.690000
-1.690000
-1.690000
-1.690000
-1.690000
-1.690000
-1.690000
-1.690000
-1.690000
-1.690000
-1.690000
-1.690000
-1.690000
-1.690000
-1.690000
-1.690000
-1.690000
-1.690000
-1.690000
-1.690000
-1.690000
-1.690000
-1.690000
-1.690000
-1.690000
-1.690000
-1.690000
-1.682000
-1.492000
-1.676000
-1.690000
-1.189000
-1.219000
-1.070000
-1.690000
-0.820000
-0.932000
-1.044000
-1.640000
-0.787000
-0.851000
-0.994000
-0.996000
-0.393000
-0.522000
-0.781000
-0.512000
0.334000
0.239000
-0.149000
0.311000
-1.690000
-1.690000
-1.690000
-1.690000
-1.690000
-1.690000
-1.690000
-1.690000
-1.690000
-1.690000
-1.690000
-1.690000
-1.690000
-1.690000
-1.690000
-1.690000
-1.690000
-1.690000
-1.690000
-1.690000
-1.690000
-1.690000
-1.690000
-1.690000
-1.690000
-1.690000
-1.690000
-1.690000
-1.690000
-1.690000
-1.690000
-1.690000
-1.690000
-1.690000
-1.690000
-1.690000
-1.690000
-1.690000
-1.690000
-1.690000
-1.690000
-1.690000
-1.690000
-1.690000
-1.690000
-1.690000
-1.690000
-1.690000
-1.690000
-1.690000
-1.690000
-1.690000
-1.690000
-1.674000
-1.690000
-1.690000
-1.161000
-1.080000
-1.420000
-1.630000
-0.462000
-0.716000
-0.793000
-1.100000
-0.331000
-0.750000
-0.842000
-1.127000
-0.191000
-0.342000
-0.215000
-0.222000
0.167000
0.232000
0.225000
0.489000
0.359000
0.360000
0.283000
0.650000
-1.690000
-1.690000
-1.690000
-1.690000
-1.690000
-1.690000
-1.690000
-1.690000
-1.690000
-1.690000
-1.690000
-1.690000
-1.690000
-1.690000
-1.690000
-1.690000
-1.690000
-1.690000
-1.690000
-1.690000
-1.690000
-1.690000
-1.690000
-1.690000
-1.690000
-1.690000
-1.690000
-1.690000
-1.690000
-1.690000
-1.690000
-1.690000
-1.690000
-1.690000
-1.690000
-1.690000
-1.690000
-1.690000
-1.690000
-1.690000
-1.690000
-1.690000
-1.690000
-1.690000
-1.690000
-1.690000
-1.690000
-1.690000
-1.690000
-1.690000
-1.690000
-1.690000
-1.690000
-1.690000
-1.690000
-1.690000
-1.663000
-1.450000
-1.690000
-1.690000
-1.078000
-0.860000
-1.621000
-1.689000
-0.643000
-0.590000
-0.750000
-1.625000
-0.886000
-0.860000
-0.750000
-1.161000
-0.628000
-0.528000
-0.416000
-0.315000
-0.179000
-0.004000
-0.051000
0.234000
-0.167000
0.030000
-0.149000
0.201000
-1.690000
-1.690000
-1.690000
-1.690000
-1.690000
-1.690000
-1.690000
-1.690000
-1.690000
-1.690000
-1.690000
-1.690000
-1.690000
-1.690000
-1.690000
-1.690000
-1.690000
-1.690000
-1.690000
-1.690000
-1.690000
-1.690000
-1.690000
-1.690000
-1.690000
-1.690000
-1.690000
-1.690000
-1.690000
-1.690000
-1.690000
-1.690000
-1.690000
-1.690000
-1.690000
-1.690000
-1.690000
-1.690000
-1.690000
-1.690000
-1.689000
-1.380000
-1.690000
-1.690000
-1.330000
-1.098000
-1.690000
-1.690000
-0.421000
-0.839000
-1.671000
-1.690000
0.171000
-0.467000
-0.624000
-1.491000
-0.322000
-0.451000
-0.387000
-0.195000
-0.503000
-0.525000
-0.377000
-0.294000
-0.460000
-0.288000
-0.124000
-0.091000
-1.690000
-1.690000
-1.690000
-1.690000
-1.690000
-1.690000
-1.690000
-1.690000
-1.690000
-1.690000
-1.690000
-1.690000
-1.690000
-1.690000
-1.690000
-1.690000
-1.690000
-1.690000
-1.690000
-1.690000
-1.690000
-1.690000
-1.690000
-1.690000
-1.690000
-1.686000
-1.690000
-1.690000
-1.690000
-1.414000
-1.690000
-1.690000
-1.649000
-1.065000
-1.690000
-1.690000
-1.256000
-1.029000
-1.658000
-1.690000
-0.491000
-0.750000
-0.886000
-1.650000
-0.281000
-0.380000
-0.043000
-0.149000
-0.161000
-0.257000
0.073000
-0.142000
0.048000
-0.307000
0.094000
0.147000
-1.690000
-1.690000
-1.690000
-1.690000
-1.690000
-1.690000
-1.690000
-1.690000
-1.690000
-1.690000
-1.690000
-1.690000
-1.690000
-1.690000
-1.690000
-1.690000
-1.690000
-1.690000
-1.690000
-1.690000
-1.690000
-1.690000
-1.690000
-1.690000
-1.690000
-1.690000
-1.690000
-1.690000
-1.690000
-1.690000
-1.690000
-1.690000
-1.690000
-1.690000
-1.690000
-1.690000
-1.690000
-1.690000
-1.690000
-1.690000
-1.690000
-1.684000
-1.690000
-1.690000
-1.630000
-1.480000
-1.690000
-1.690000
-1.366000
-1.415000
-1.689000
-1.690000
-1.128000
-1.675000
-1.607000
-1.648000
-0.840000
-1.224000
-1.088000
-1.284000
-0.501000
-0.840000
-0.833000
-0.610000
0.334000
-0.133000
0.235000
0.153000
0.475000
-0.063000
0.528000
0.651000
-1.690000
-1.690000
-1.690000
-1.690000
-1.690000
-1.690000
-1.690000
-1.690000
-1.690000
-1.690000
-1.690000
-1.690000
-1.690000
-1.690000
-1.690000
-1.690000
-1.690000
-1.690000
-1.690000
-1.690000
-1.690000
-1.690000
-1.690000
-1.690000
-1.690000
-1.690000
-1.690000
-1.690000
-1.690000
-1.690000
-1.690000
-1.690000
-1.690000
-1.690000
-1.690000
-1.690000
-1.690000
-1.690000
-1.690000
-1.690000
-1.690000
-1.650000
-1.690000
-1.690000
-1.572000
-1.374000
-1.690000
-1.690000
-1.252000
-1.354000
-1.615000
-1.687000
-0.802000
-1.137000
-1.478000
-1.339000
-0.271000
-0.664000
0.052000
-0.403000
0.243000
-0.391000
0.437000
0.266000
0.393000
-0.075000
0.553000
0.514000
0.752000
0.223000
1.027000
0.757000
-1.690000
-1.690000
-1.690000
-1.690000
-1.690000
-1.690000
-1.690000
-1.690000
-1.690000
-1.690000
-1.690000
-1.690000
-1.690000
-1.690000
-1.690000
-1.690000
-1.690000
-1.690000
-1.690000
-1.690000
-1.690000
-1.690000
-1.690000
-1.690000
-1.690000
-1.690000
-1.690000
-1.690000
-1.690000
-1.690000
-1.690000
-1.690000
-1.690000
-1.690000
-1.690000
-1.690000
-1.690000
-1.674000
-1.690000
-1.690000
-1.664000
-1.458000
-1.690000
-1.690000
-1.397000
-1.419000
-1.690000
-1.690000
-1.290000
-1.434000
-1.540000
-1.570000
-1.189000
-1.289000
-1.088000
-1.210000
-0.738000
-1.088000
-0.953000
-0.889000
-0.181000
-0.720000
-0.871000
-0.278000
0.377000
-0.389000
-0.158000
0.344000
0.967000
0.031000
0.215000
0.677000
-1.690000
-1.690000
-1.690000
-1.690000
-1.690000
-1.690000
-1.690000
-1.690000
-1.690000
-1.690000
-1.690000
-1.690000
-1.690000
-1.690000
-1.690000
-1.690000
-1.690000
-1.690000
-1.690000
-1.690000
-1.690000
-1.690000
-1.690000
-1.690000
-1.690000
-1.690000
-1.690000
-1.690000
-1.690000
-1.690000
-1.690000
-1.690000
-1.690000
-1.690000
-1.690000
-1.690000
-1.690000
-1.514000
-1.690000
-1.690000
-1.609000
-1.339000
-1.690000
-1.690000
-1.286000
-1.411000
-1.690000
-1.690000
-1.112000
-1.325000
-1.591000
-1.560000
-0.776000
-1.078000
-0.897000
-1.111000
-0.376000
-0.879000
-0.672000
-0.921000
0.098000
-0.398000
-0.394000
-0.556000
1.106000
0.324000
0.126000
0.191000
1.099000
0.576000
0.481000
1.076000
-1.690000
-1.690000
-1.690000
-1.690000
-1.690000
-1.690000
-1.690000
-1.690000
-1.690000
-1.690000
-1.690000
-1.690000
-1.690000
-1.690000
-1.690000
-1.690000
-1.690000
-1.690000
-1.690000
-1.690000
-1.690000
-1.690000
-1.690000
-1.690000
-1.690000
-1.690000
-1.690000
-1.690000
-1.690000
-1.690000
-1.690000
-1.690000
-1.690000
-1.690000
-1.690000
-1.690000
-1.690000
-1.686000
-1.690000
-1.690000
-1.690000
-1.402000
-1.690000
-1.690000
-1.624000
-1.291000
-1.690000
-1.690000
-1.360000
-1.312000
-1.690000
-1.690000
-1.063000
-1.288000
-1.686000
-1.602000
-0.722000
-1.101000
-1.084000
-1.013000
-0.133000
-0.664000
-0.353000
-0.302000
0.757000
-0.130000
0.195000
0.481000
0.983000
0.296000
0.614000
0.932000
1.199000
0.891000
1.234000
1.648000
-1.690000
-1.690000
-1.690000
-1.690000
-1.690000
-1.690000
-1.690000
-1.690000
-1.690000
-1.690000
-1.690000
-1.690000
-1.690000
-1.690000
-1.690000
-1.690000
-1.690000
-1.690000
-1.690000
-1.690000
-1.690000
-1.690000
-1.690000
-1.690000
-1.690000
-1.690000
-1.690000
-1.690000
-1.690000
-1.690000
-1.690000
-1.690000
-1.690000
-1.690000
-1.690000
-1.690000
-1.690000
-1.690000
-1.690000
-1.690000
-1.690000
-1.609000
-1.690000
-1.690000
-1.659000
-1.347000
-1.690000
-1.690000
-1.307000
-1.323000
-1.682000
-1.690000
-1.135000
-1.241000
-1.557000
-1.690000
-0.990000
-1.240000
-1.568000
-1.677000
-0.776000
-1.078000
-1.599000
-1.282000
-0.336000
-0.814000
-1.215000
-1.081000
0.383000
-0.327000
-0.983000
-0.759000
1.131000
0.262000
0.076000
0.134000
1.266000
0.548000
0.873000
0.990000
-1.690000
-1.690000
-1.690000
-1.690000
-1.690000
-1.690000
-1.690000
-1.690000
-1.690000
-1.690000
-1.690000
-1.690000
-1.690000
-1.690000
-1.690000
-1.690000
-1.690000
-1.690000
-1.690000
-1.690000
-1.690000
-1.690000
-1.690000
-1.690000
-1.690000
-1.690000
-1.690000
-1.690000
-1.690000
-1.690000
-1.690000
-1.690000
-1.690000
-1.690000
-1.690000
-1.690000
-1.690000
-1.690000
-1.690000
-1.690000
-1.690000
-1.632000
-1.690000
-1.690000
-1.648000
-1.246000
-1.690000
-1.690000
-1.358000
-1.466000
-1.690000
-1.690000
-1.009000
-1.287000
-1.552000
-1.684000
-0.809000
-0.932000
-1.034000
-1.640000
-0.662000
-0.785000
-0.934000
-1.101000
-0.638000
-0.680000
-0.993000
-1.272000
-0.587000
-0.651000
-0.956000
-1.011000
-0.137000
-0.360000
-0.425000
-0.377000
0.658000
0.411000
0.370000
0.358000
0.979000
0.637000
0.709000
0.626000
-1.690000
-1.690000
-1.690000
-1.690000
-1.690000
-1.690000
-1.690000
-1.690000
-1.690000
-1.690000
-1.690000
-1.690000
-1.690000
-1.690000
-1.690000
-1.690000
-1.690000
-1.690000
-1.690000
-1.690000
-1.690000
-1.690000
-1.690000
-1.690000
-1.690000
-1.690000
-1.690000
-1.690000
-1.690000
-1.690000
-1.690000
-1.690000
-1.690000
-1.690000
-1.690000
-1.690000
-1.690000
-1.571000
-1.690000
-1.690000
-1.687000
-1.327000
-1.690000
-1.690000
-1.445000
-1.250000
-1.688000
-1.685000
-1.043000
-1.071000
-1.362000
-1.456000
-0.522000
-0.789000
-1.011000
-1.034000
-0.222000
-0.538000
-0.632000
-0.503000
-0.351000
-0.190000
-0.373000
-0.375000
0.162000
0.282000
0.033000
-0.282000
0.531000
0.302000
0.092000
-0.045000
0.362000
0.349000
0.011000
0.156000
0.941000
0.824000
0.273000
0.352000
-1.690000
-1.690000
-1.690000
-1.690000
-1.690000
-1.690000
-1.690000
-1.690000
-1.690000
-1.690000
-1.690000
-1.690000
-1.690000
-1.690000
-1.690000
-1.690000
-1.690000
-1.690000
-1.690000
-1.690000
-1.690000
-1.690000
-1.690000
-1.690000
-1.690000
-1.690000
-1.690000
-1.690000
-1.690000
-1.690000
-1.690000
-1.690000
-1.690000
-1.690000
-1.690000
-1.690000
-1.690000
-1.690000
-1.690000
-1.690000
-1.690000
-1.566000
-1.690000
-1.690000
-1.673000
-1.181000
-1.690000
-1.690000
-1.199000
-1.147000
-1.538000
-1.689000
-0.901000
-1.012000
-1.127000
-1.512000
-0.457000
-0.600000
-0.789000
-0.928000
-0.112000
-0.393000
-0.511000
-0.875000
-0.222000
-0.275000
-0.536000
-0.749000
-0.076000
-0.169000
-0.458000
-0.593000
0.265000
0.371000
-0.117000
-0.177000
0.282000
0.501000
0.033000
0.190000
0.290000
0.598000
0.170000
0.203000
-1.690000
-1.690000
-1.690000
-1.690000
-1.690000
-1.690000
-1.690000
-1.690000
-1.690000
-1.690000
-1.690000
-1.690000
-1.690000
-1.690000
-1.690000
-1.690000
-1.690000
-1.690000
-1.690000
-1.690000
-1.690000
-1.690000
-1.690000
-1.690000
-1.690000
-1.553000
-1.690000
-1.690000
-1.571000
-1.292000
-1.656000
-1.687000
-1.101000
-1.075000
-1.244000
-1.485000
-0.869000
-0.954000
-1.094000
-1.187000
-0.559000
-0.657000
-0.731000
-0.882000
-0.093000
-0.258000
-0.799000
-0.891000
0.225000
-0.056000
-0.384000
-0.460000
0.513000
0.402000
-0.081000
-0.107000
0.401000
0.593000
0.092000
0.104000
0.404000
0.618000
0.200000
0.329000
0.881000
0.924000
0.402000
0.838000
-1.690000
-1.690000
-1.690000
-1.690000
-1.690000
-1.690000
-1.690000
-1.690000
-1.690000
-1.690000
-1.690000
-1.690000
-1.690000
-1.309000
-1.690000
-1.690000
-1.589000
-1.000000
-1.630000
-1.687000
-1.069000
-0.800000
-1.182000
-1.221000
-0.738000
-0.781000
-0.902000
-1.009000
-0.352000
-0.345000
-0.787000
-0.817000
-0.150000
-0.112000
-0.775000
-0.702000
-0.150000
0.037000
-0.461000
-0.585000
-0.092000
0.117000
-0.353000
-0.617000
0.240000
0.367000
0.043000
-0.372000
0.609000
0.617000
0.380000
0.000000
0.889000
0.889000
0.957000
0.608000
