-1.626000
-1.028000
-1.121000
-0.333000
-1.669000
-1.131000
-1.302000
-0.445000
-1.674000
-1.228000
-1.225000
-0.468000
-1.690000
-1.595000
-1.398000
-0.435000
-1.690000
-1.690000
-1.690000
-1.303000
-1.690000
-1.690000
-1.690000
-1.690000
-1.690000
-1.690000
-1.690000
-1.690000
-1.690000
-1.690000
-1.690000
-1.690000
-1.690000
-1.690000
-1.690000
-1.690000
-1.690000
-1.690000
-1.690000
-1.682000
-1.690000
-1.690000
-1.664000
-1.583000
-1.690000
-1.692000
-1.440000
-1.231000
-1.691000
-1.419000
-0.834000
-0.695000
-1.599000
-0.979000
-0.891000
-0.515000
-1.511000
-0.849000
-0.900000
-0.306000
-1.432000
-0.801000
-1.093000
-0.288000
-1.043000
-0.744000
-0.651000
-0.315000
-0.976000
-0.346000
-0.728000
-0.295000
-0.735000
-0.810000
-0.814000
-0.160000
-0.957000
-1.037000
-0.985000
-0.348000
-1.263000
-1.289000
-1.088000
-0.432000
-1.690000
-1.660000
-1.645000
-0.837000
-1.690000
-1.690000
-1.690000
-1.660000
-1.690000
-1.690000
-1.690000
-1.690000
-1.690000
-1.690000
-1.690000
-1.690000
-1.690000
-1.690000
-1.690000
-1.690000
-1.690000
-1.690000
-1.690000
-1.690000
-1.690000
-1.690000
-1.690000
-1.686000
-1.690000
-1.690000
-1.665000
-1.577000
-1.690000
-1.664000
-1.380000
-0.893000
-1.690000
-1.536000
-1.132000
-0.718000
-1.579000
-1.105000
-0.882000
-0.530000
-1.192000
-0.837000
-0.784000
-0.104000
-0.835000
-0.801000
-0.718000
-0.055000
-0.859000
-0.453000
-0.768000
-0.133000
-1.033000
-0.309000
-0.799000
-0.292000
-0.763000
-0.972000
-0.767000
-0.014000
-0.889000
-1.081000
-0.968000
-0.145000
-1.364000
-1.464000
-1.326000
-0.313000
-1.690000
-1.690000
-1.690000
-1.030000
-1.690000
-1.690000
-1.690000
-1.690000
-1.690000
-1.690000
-1.690000
-1.690000
-1.690000
-1.690000
-1.690000
-1.690000
-1.690000
-1.690000
-1.688000
-1.689000
-1.690000
-1.690000
-1.610000
-1.648000
-1.690000
-1.690000
-1.649000
-1.604000
-1.690000
-1.660000
-1.662000
-1.534000
-1.690000
-1.475000
-1.226000
-0.913000
-1.690000
-1.287000
-1.037000
-0.646000
-1.642000
-1.112000
-1.020000
-0.559000
-1.280000
-0.881000
-0.907000
-0.428000
-1.082000
-0.419000
-0.873000
-0.192000
-1.084000
-0.232000
-0.490000
-0.300000
-0.910000
0.398000
-0.295000
0.024000
-0.891000
-1.079000
-0.665000
0.046000
-0.945000
-0.909000
-0.752000
-0.027000
-1.519000
-1.393000
-1.402000
-0.919000
-1.690000
-1.690000
-1.690000
-1.689000
-1.690000
-1.690000
-1.690000
-1.690000
-1.690000
-1.690000
-1.690000
-1.690000
-1.690000
-1.690000
-1.690000
-1.690000
-1.690000
-1.690000
-1.690000
-1.690000
-1.690000
-1.690000
-1.690000
-1.689000
-1.690000
-1.690000
-1.684000
-1.623000
-1.690000
-1.674000
-1.640000
-1.387000
-1.690000
-1.631000
-1.132000
-0.820000
-1.690000
-1.532000
-1.002000
-0.659000
-1.690000
-1.205000
-0.966000
-0.469000
-1.610000
-0.881000
-0.749000
-0.367000
-0.852000
-0.303000
-0.743000
-0.119000
-0.524000
-0.394000
-0.696000
-0.100000
-0.518000
-0.673000
-0.581000
-0.163000
-0.837000
-1.028000
-0.589000
-0.081000
-1.105000
-1.173000
-0.776000
-0.191000
-1.423000
-1.393000
-1.227000
-0.895000
-1.688000
-1.688000
-1.690000
-1.678000
-1.690000
-1.690000
-1.690000
-1.690000
-1.690000
-1.690000
-1.690000
-1.690000
-1.690000
-1.690000
-1.690000
-1.690000
-1.690000
-1.690000
-1.690000
-1.690000
-1.690000
-1.690000
-1.690000
-1.690000
-1.690000
-1.690000
-1.688000
-1.676000
-1.690000
-1.690000
-1.687000
-1.614000
-1.690000
-1.686000
-1.664000
-1.566000
-1.690000
-1.690000
-1.293000
-0.933000
-1.690000
-1.679000
-1.113000
-0.588000
-1.672000
-1.559000
-1.046000
-0.551000
-1.359000
-1.141000
-1.044000
-0.592000
-1.047000
-0.552000
-0.909000
-0.193000
-0.444000
-0.096000
-0.533000
0.012000
-0.093000
-0.111000
-0.323000
0.045000
-1.690000
-1.690000
-1.663000
-1.598000
-1.667000
-1.672000
-1.636000
-1.602000
-1.681000
-1.681000
-1.671000
-1.628000
-1.690000
-1.690000
-1.690000
-1.689000
-1.690000
-1.690000
-1.690000
-1.690000
-1.690000
-1.690000
-1.690000
-1.690000
-1.690000
-1.690000
-1.690000
-1.690000
-1.690000
-1.690000
-1.690000
-1.690000
-1.690000
-1.690000
-1.690000
-1.690000
-1.690000
-1.690000
-1.690000
-1.687000
-1.690000
-1.690000
-1.687000
-1.396000
-1.690000
-1.690000
-1.645000
-1.366000
-1.690000
-1.689000
-1.590000
-1.412000
-1.690000
-1.690000
-1.616000
-1.007000
-1.690000
-1.675000
-1.386000
-0.623000
-1.684000
-1.442000
-1.143000
-0.478000
-1.456000
-1.148000
-1.148000
-0.537000
-0.880000
-0.819000
-0.826000
-0.054000
-0.533000
-0.210000
-0.224000
0.413000
-0.271000
-0.252000
-0.124000
0.357000
-1.690000
-1.690000
-1.690000
-1.690000
-1.690000
-1.690000
-1.690000
-1.690000
-1.690000
-1.690000
-1.690000
-1.690000
-1.690000
-1.690000
-1.690000
-1.690000
-1.690000
-1.690000
-1.690000
-1.690000
-1.690000
-1.690000
-1.690000
-1.690000
-1.690000
-1.690000
-1.690000
-1.690000
-1.690000
-1.690000
-1.690000
-1.690000
-1.690000
-1.690000
-1.690000
-1.690000
-1.690000
-1.690000
-1.690000
-1.690000
-1.690000
-1.690000
-1.690000
-1.684000
-1.690000
-1.690000
-1.648000
-1.443000
-1.690000
-1.636000
-1.343000
-1.307000
-1.685000
-1.463000
-1.011000
-1.294000
-1.610000
-1.437000
-1.585000
-0.941000
-1.416000
-1.287000
-1.644000
-0.528000
-1.068000
-0.966000
-0.929000
-0.265000
-1.362000
-1.078000
-1.093000
-0.499000
-1.015000
-0.948000
-0.988000
-0.292000
-0.777000
-0.655000
-0.812000
-0.297000
-0.643000
-0.472000
-0.693000
-0.237000
-1.690000
-1.690000
-1.690000
-1.690000
-1.690000
-1.690000
-1.690000
-1.690000
-1.690000
-1.690000
-1.690000
-1.690000
-1.690000
-1.690000
-1.690000
-1.690000
-1.690000
-1.690000
-1.690000
-1.690000
-1.690000
-1.690000
-1.690000
-1.690000
-1.690000
-1.690000
-1.690000
-1.690000
-1.690000
-1.690000
-1.690000
-1.690000
-1.690000
-1.690000
-1.690000
-1.690000
-1.690000
-1.690000
-1.690000
-1.689000
-1.690000
-1.690000
-1.685000
-1.435000
-1.690000
-1.690000
-1.020000
-0.851000
-1.674000
-1.431000
-0.692000
-0.754000
-1.552000
-1.162000
-0.880000
-0.795000
-1.201000
-0.972000
-1.000000
-0.529000
-1.024000
-0.958000
-0.835000
-0.537000
-0.852000
-0.784000
-0.724000
-0.596000
-0.824000
-0.695000
-0.751000
-0.383000
-0.685000
-0.510000
-0.790000
-0.160000
-0.676000
-0.566000
-0.668000
-0.126000
-1.690000
-1.690000
-1.690000
-1.690000
-1.690000
-1.690000
-1.690000
-1.690000
-1.684000
-1.658000
-1.689000
-1.257000
-1.138000
-1.115000
-1.635000
-0.347000
-1.634000
-1.627000
-1.690000
-1.657000
-1.690000
-1.690000
-1.690000
-1.690000
-1.690000
-1.690000
-1.690000
-1.690000
-1.690000
-1.690000
-1.690000
-1.690000
-1.690000
-1.690000
-1.690000
-1.690000
-1.690000
-1.690000
-1.690000
-1.690000
-1.690000
-1.690000
-1.690000
-1.690000
-1.690000
-1.690000
-1.690000
-1.585000
-1.690000
-1.690000
-1.594000
-0.822000
-1.678000
-1.572000
-0.775000
-0.664000
-1.578000
-1.189000
-0.724000
-1.151000
-1.402000
-0.957000
-0.922000
-0.734000
-1.212000
-0.891000
-0.853000
-0.756000
-1.097000
-0.798000
-0.865000
-0.595000
-0.876000
-0.781000
-0.867000
-0.293000
-0.618000
-0.643000
-0.390000
0.432000
-0.429000
-0.122000
0.079000
0.448000
-1.690000
-1.690000
-1.690000
-1.690000
-1.632000
-1.426000
-1.671000
-0.797000
-1.690000
-1.690000
-1.690000
-1.690000
-1.690000
-1.690000
-1.690000
-1.690000
-1.690000
-1.690000
-1.690000
-1.690000
-1.690000
-1.690000
-1.690000
-1.690000
-1.690000
-1.690000
-1.690000
-1.690000
-1.690000
-1.690000
-1.690000
-1.664000
-1.690000
-1.690000
-1.603000
-1.030000
-1.690000
-1.571000
-0.963000
-0.720000
-1.619000
-1.375000
-0.733000
-0.599000
-1.371000
-1.150000
-0.794000
-0.623000
-1.062000
-0.925000
-0.796000
-0.629000
-0.815000
-0.884000
-0.761000
-0.700000
-0.661000
-0.487000
-0.269000
-0.021000
-0.345000
0.016000
0.336000
0.525000
-0.025000
0.140000
0.332000
0.428000
-1.690000
-1.690000
-1.690000
-1.690000
-1.690000
-1.690000
-1.690000
-1.690000
-1.690000
-1.690000
-1.690000
-1.690000
-1.690000
-1.690000
-1.690000
-1.690000
-1.690000
-1.690000
-1.690000
-1.638000
-1.516000
-1.550000
-1.251000
-0.928000
-1.672000
-1.304000
-0.799000
-0.691000
-1.550000
-1.172000
-0.676000
-0.580000
-1.316000
-0.989000
-0.633000
-0.606000
-1.214000
-0.834000
-0.611000
-0.587000
-0.855000
-0.502000
-0.438000
-0.509000
-0.397000
0.041000
-0.114000
-0.172000
-0.081000
0.039000
0.106000
0.107000
-0.086000
-0.277000
-0.039000
0.126000
-1.690000
-1.690000
-1.689000
-1.679000
-1.690000
-1.690000
-1.690000
-1.690000
-1.690000
-1.690000
-1.690000
-1.690000
-1.690000
-1.690000
-1.690000
-1.690000
-1.690000
-1.690000
-1.690000
-1.690000
-1.690000
-1.690000
-1.690000
-1.690000
-1.690000
-1.690000
-1.690000
-1.690000
-1.690000
-1.690000
-1.690000
-1.690000
-1.690000
-1.690000
-1.690000
-1.690000
-1.690000
-1.690000
-1.690000
-1.690000
-1.690000
-1.690000
-1.690000
-1.690000
-1.690000
-1.690000
-1.690000
-1.690000
-1.690000
-1.690000
-1.691000
-1.690000
-1.690000
-1.690000
-1.690000
-1.675000
-1.690000
-1.690000
-1.690000
-1.211000
-1.690000
-1.672000
-1.114000
-0.807000
-1.684000
-1.544000
-0.520000
-0.733000
-1.522000
-1.063000
-0.417000
-0.543000
-1.690000
-1.690000
-1.636000
-1.098000
-1.690000
-1.690000
-1.690000
-1.688000
-1.690000
-1.690000
-1.690000
-1.690000
-1.690000
-1.690000
-1.690000
-1.690000
-1.690000
-1.690000
-1.690000
-1.690000
-1.690000
-1.690000
-1.690000
-1.690000
-1.690000
-1.690000
-1.690000
-1.690000
-1.690000
-1.690000
-1.690000
-1.690000
-1.690000
-1.690000
-1.690000
-1.690000
-1.690000
-1.690000
-1.690000
-1.690000
-1.690000
-1.690000
-1.690000
-1.690000
-1.690000
-1.690000
-1.690000
-1.690000
-1.690000
-1.690000
-1.690000
-1.690000
-1.690000
-1.690000
-1.690000
-1.538000
-1.690000
-1.690000
-1.690000
-0.791000
-1.690000
-1.643000
-1.031000
-0.554000
-1.433000
-0.756000
-0.437000
-0.325000
-0.760000
-0.491000
-0.271000
0.027000
-1.390000
-1.236000
-0.640000
-0.357000
-1.620000
-1.602000
-1.129000
-0.787000
-1.690000
-1.690000
-1.690000
-1.685000
-1.690000
-1.690000
-1.690000
-1.690000
-1.690000
-1.690000
-1.690000
-1.690000
-1.690000
-1.690000
-1.690000
-1.690000
-1.690000
-1.690000
-1.690000
-1.690000
-1.690000
-1.690000
-1.690000
-1.690000
-1.690000
-1.690000
-1.690000
-1.690000
-1.690000
-1.690000
-1.690000
-1.690000
-1.690000
-1.690000
-1.690000
-1.690000
-1.690000
-1.690000
-1.690000
-1.690000
-1.690000
-1.690000
-1.690000
-1.689000
-1.690000
-1.690000
-1.690000
-1.119000
-1.689000
-1.679000
-1.609000
-0.695000
-1.659000
-1.631000
-0.652000
-0.603000
-1.622000
-1.131000
-0.653000
-0.618000
-0.986000
-0.555000
-0.621000
-0.375000
-1.041000
-1.071000
-0.393000
0.072000
-1.182000
-1.159000
-0.419000
-0.246000
-1.669000
-1.629000
-1.429000
-1.503000
-1.690000
-1.690000
-1.690000
-1.690000
-1.690000
-1.690000
-1.690000
-1.690000
-1.690000
-1.690000
-1.690000
-1.690000
-1.690000
-1.690000
-1.690000
-1.690000
-1.690000
-1.690000
-1.690000
-1.690000
-1.690000
-1.690000
-1.690000
-1.690000
-1.690000
-1.690000
-1.690000
-1.690000
-1.690000
-1.690000
-1.690000
-1.690000
-1.690000
-1.690000
-1.690000
-1.690000
-1.690000
-1.690000
-1.690000
-1.689000
-1.690000
-1.690000
-1.690000
-1.323000
-1.688000
-1.632000
-1.204000
-0.624000
-0.912000
-0.692000
-0.465000
-0.793000
-0.528000
-0.173000
-0.108000
-0.394000
-0.076000
0.256000
0.106000
0.201000
-1.005000
-0.853000
-0.586000
-0.169000
-1.208000
-1.090000
-0.436000
-0.227000
-1.354000
-1.274000
-0.794000
-0.947000
-1.673000
-1.668000
-1.653000
-1.688000
-1.690000
-1.690000
-1.690000
-1.690000
-1.690000
-1.690000
-1.690000
-1.690000
-1.690000
-1.690000
-1.690000
-1.690000
-1.690000
-1.690000
-1.690000
-1.690000
-1.690000
-1.690000
-1.690000
-1.690000
-1.690000
-1.690000
-1.690000
-1.690000
-1.690000
-1.690000
-1.690000
-1.690000
-1.690000
-1.690000
-1.690000
-1.690000
-1.690000
-1.690000
-1.690000
-1.690000
-1.690000
-1.690000
-1.690000
-1.689000
-1.690000
-1.690000
-1.690000
-1.272000
-1.690000
-1.690000
-1.665000
-0.923000
-1.333000
-0.566000
-0.426000
-0.092000
-0.415000
-0.227000
0.001000
0.341000
-0.022000
0.325000
0.518000
0.643000
-1.671000
-1.560000
-1.629000
-1.328000
-1.365000
-1.667000
-1.659000
-1.598000
-1.635000
-1.689000
-1.688000
-1.684000
-1.690000
-1.690000
-1.690000
-1.690000
-1.690000
-1.690000
-1.690000
-1.690000
-1.690000
-1.690000
-1.690000
-1.690000
-1.690000
-1.690000
-1.690000
-1.690000
-1.690000
-1.690000
-1.690000
-1.690000
-1.690000
-1.690000
-1.690000
-1.690000
-1.690000
-1.690000
-1.690000
-1.690000
-1.690000
-1.690000
-1.690000
-1.689000
-1.690000
-1.690000
-1.690000
-1.689000
-1.690000
-1.690000
-1.690000
-1.690000
-1.690000
-1.690000
-1.690000
-1.690000
-1.680000
-1.690000
-1.690000
-1.688000
-1.090000
-1.689000
-1.690000
-1.661000
-0.696000
-1.676000
-1.239000
-0.892000
-0.389000
-1.029000
-0.493000
-0.128000
0.292000
0.307000
0.821000
1.159000
1.318000
-1.690000
-1.690000
-1.690000
-1.690000
-1.690000
-1.688000
-1.652000
-1.671000
-1.690000
-1.687000
-1.577000
-1.676000
-1.690000
-1.690000
-1.690000
-1.690000
-1.690000
-1.690000
-1.690000
-1.690000
-1.690000
-1.690000
-1.690000
-1.690000
-1.690000
-1.690000
-1.690000
-1.690000
-1.690000
-1.690000
-1.690000
-1.690000
-1.690000
-1.690000
-1.690000
-1.690000
-1.690000
-1.690000
-1.690000
-1.690000
-1.690000
-1.690000
-1.690000
-1.690000
-1.690000
-1.690000
-1.690000
-1.690000
-1.690000
-1.690000
-1.690000
-1.689000
-1.690000
-1.690000
-1.679000
-1.679000
-1.690000
-1.690000
-1.684000
-1.690000
-1.690000
-1.690000
-1.690000
-1.396000
-1.690000
-1.680000
-1.679000
-0.741000
-1.663000
-1.517000
-1.498000
-0.631000
-1.494000
-1.233000
-1.162000
-0.698000
-1.290000
-0.945000
-0.611000
-0.601000
-0.235000
-0.469000
-0.232000
-0.104000
-1.690000
-1.690000
-1.688000
-1.690000
-1.689000
-1.646000
-1.432000
-1.640000
-1.690000
-1.690000
-1.684000
-1.690000
-1.690000
-1.690000
-1.690000
-1.690000
-1.690000
-1.690000
-1.690000
-1.690000
-1.690000
-1.690000
-1.690000
-1.690000
-1.690000
-1.690000
-1.690000
-1.690000
-1.690000
-1.690000
-1.690000
-1.690000
-1.690000
-1.690000
-1.690000
-1.690000
-1.690000
-1.690000
-1.690000
-1.690000
-1.690000
-1.690000
-1.690000
-1.690000
-1.690000
-1.690000
-1.690000
-1.688000
-1.690000
-1.690000
-1.588000
-1.628000
-1.690000
-1.690000
-1.670000
-1.674000
-1.690000
-1.689000
-1.655000
-1.008000
-1.632000
-1.581000
-1.442000
-0.638000
-1.094000
-1.237000
-1.023000
-0.480000
-0.713000
-0.824000
-0.942000
-0.112000
-0.486000
-0.610000
-0.502000
-0.100000
-0.217000
0.079000
0.306000
0.177000
-1.690000
-1.690000
-1.690000
-1.690000
-1.690000
-1.690000
-1.690000
-1.690000
-1.689000
-1.689000
-1.688000
-1.687000
-0.761000
-1.107000
-0.698000
-0.629000
-1.354000
-1.365000
-1.242000
-1.378000
-1.674000
-1.687000
-1.667000
-1.690000
-1.690000
-1.690000
-1.690000
-1.690000
-1.690000
-1.690000
-1.690000
-1.690000
-1.690000
-1.690000
-1.690000
-1.690000
-1.690000
-1.690000
-1.690000
-1.690000
-1.690000
-1.690000
-1.690000
-1.690000
-1.690000
-1.690000
-1.690000
-1.690000
-1.690000
-1.690000
-1.690000
-1.690000
-1.690000
-1.690000
-1.676000
-1.601000
-1.690000
-1.690000
-1.657000
-1.636000
-1.686000
-1.690000
-1.342000
-0.814000
-1.637000
-1.635000
-0.758000
-0.540000
-1.423000
-1.121000
-0.648000
-0.602000
-0.584000
-0.588000
-0.645000
-0.540000
-0.251000
-0.082000
-0.167000
-0.214000
0.066000
0.191000
0.226000
0.273000
-1.690000
-1.690000
-1.690000
-1.690000
-1.690000
-1.690000
-1.688000
-1.686000
-1.690000
-1.690000
-1.687000
-1.690000
-1.690000
-1.690000
-1.690000
-1.690000
-1.690000
-1.690000
-1.690000
-1.690000
-1.690000
-1.690000
-1.690000
-1.690000
-1.690000
-1.690000
-1.690000
-1.690000
-1.690000
-1.690000
-1.690000
-1.690000
-1.690000
-1.690000
-1.690000
-1.653000
-1.690000
-1.690000
-1.667000
-1.390000
-1.690000
-1.690000
-1.673000
-1.577000
-1.546000
-1.524000
-1.496000
-1.330000
-1.344000
-1.212000
-0.882000
-0.465000
-1.193000
-1.130000
-0.606000
-0.574000
-0.945000
-0.775000
-0.518000
-0.458000
-0.641000
-0.508000
-0.280000
-0.191000
-0.276000
-0.123000
0.134000
0.170000
-1.690000
-1.690000
-1.690000
-1.690000
-1.690000
-1.690000
-1.690000
-1.690000
-1.690000
-1.690000
-1.690000
-1.690000
-1.690000
-1.690000
-1.690000
-1.690000
-1.690000
-1.690000
-1.690000
-1.690000
-1.690000
-1.690000
-1.690000
-1.682000
-1.690000
-1.690000
-1.685000
-1.513000
-1.681000
-1.673000
-1.545000
-0.901000
-1.135000
-1.267000
-1.468000
-0.535000
-1.076000
-0.783000
-1.181000
-0.467000
-0.871000
-0.732000
-0.766000
-0.475000
-0.953000
-0.546000
-0.456000
-0.109000
-1.045000
-0.546000
-0.207000
0.171000
-0.260000
0.051000
0.263000
0.488000
