0.175000
-0.493000
-0.314000
-0.670000
-0.428000
-1.104000
-1.206000
-1.537000
-0.990000
-1.534000
-1.589000
-1.658000
-1.673000
-1.483000
-1.462000
-1.393000
-1.663000
-1.158000
-0.830000
-0.689000
-0.932000
-0.533000
-0.578000
-0.162000
-0.502000
-0.364000
-0.256000
-0.040000
-0.215000
-0.335000
-0.374000
-0.159000
-0.200000
-0.161000
-0.320000
-0.068000
-0.023000
0.159000
0.043000
0.324000
0.128000
0.418000
0.201000
0.396000
0.433000
0.473000
0.301000
0.407000
0.515000
0.660000
0.497000
0.543000
0.731000
0.758000
0.751000
0.740000
1.002000
1.100000
1.189000
1.028000
1.323000
1.539000
1.771000
1.548000
2.055000
2.024000
2.170000
2.083000
2.070000
2.450000
2.633000
2.237000
0.766000
0.111000
0.075000
-0.496000
0.547000
-0.200000
-0.871000
-1.490000
-0.228000
-1.605000
-1.688000
-1.690000
-1.679000
-1.688000
-1.689000
-1.611000
-1.690000
-1.499000
-1.310000
-0.947000
-1.624000
-0.843000
-0.614000
-0.110000
-0.563000
-0.126000
-0.175000
0.301000
0.107000
0.409000
-0.085000
0.479000
0.394000
0.427000
0.002000
0.292000
0.415000
0.351000
0.226000
0.377000
0.603000
0.379000
0.437000
0.429000
0.590000
0.577000
0.543000
0.489000
0.630000
0.707000
0.593000
0.685000
1.031000
1.095000
1.219000
1.055000
1.250000
1.547000
1.628000
1.233000
1.747000
2.111000
2.165000
1.548000
1.922000
2.382000
2.362000
1.938000
2.108000
2.328000
2.317000
2.089000
1.200000
0.462000
0.239000
-0.524000
1.144000
0.389000
-0.619000
-1.201000
0.097000
-1.580000
-1.688000
-1.690000
-1.680000
-1.690000
-1.690000
-1.690000
-1.690000
-1.671000
-1.630000
-1.599000
-1.689000
-1.252000
-0.766000
-0.952000
-0.298000
-0.133000
-0.130000
0.099000
0.609000
0.527000
0.172000
0.467000
0.718000
0.438000
0.256000
0.572000
0.766000
0.492000
0.376000
0.505000
0.758000
0.508000
0.514000
0.543000
0.683000
0.579000
0.637000
0.691000
0.965000
0.940000
1.047000
0.721000
1.134000
1.257000
1.400000
0.947000
1.174000
1.211000
1.551000
1.369000
1.429000
1.505000
1.755000
1.571000
1.872000
2.017000
2.129000
2.003000
2.053000
2.085000
2.371000
2.298000
0.869000
0.359000
-0.120000
-0.690000
1.037000
0.149000
-0.698000
-1.035000
-0.940000
-1.676000
-1.665000
-1.689000
-1.690000
-1.690000
-1.690000
-1.690000
-1.690000
-1.690000
-1.690000
-1.671000
-1.690000
-1.594000
-1.037000
-0.991000
-0.580000
-0.295000
-0.246000
-0.063000
0.510000
0.556000
0.577000
0.235000
0.836000
0.634000
0.691000
0.517000
0.837000
0.617000
0.781000
0.461000
0.866000
0.481000
0.779000
0.546000
0.833000
0.630000
0.833000
0.664000
0.806000
0.874000
0.959000
0.713000
1.196000
1.219000
1.409000
1.217000
1.647000
1.580000
1.668000
1.605000
2.346000
2.232000
2.123000
2.161000
2.211000
2.444000
2.566000
2.550000
2.535000
2.716000
2.750000
2.877000
-0.025000
-0.514000
-0.676000
-1.088000
0.541000
-0.093000
-0.411000
-0.952000
-0.556000
-0.864000
-0.954000
-1.311000
-1.687000
-1.689000
-1.684000
-1.690000
-1.690000
-1.690000
-1.690000
-1.690000
-1.690000
-1.690000
-1.689000
-1.673000
-1.690000
-1.567000
-0.965000
-0.998000
-0.980000
-0.506000
-0.581000
-0.204000
-0.389000
0.039000
-0.066000
0.027000
0.506000
0.439000
0.465000
0.464000
0.961000
0.670000
1.030000
0.722000
0.758000
0.646000
0.752000
0.647000
0.757000
0.805000
0.782000
0.676000
0.909000
0.817000
0.920000
0.693000
1.284000
1.003000
1.117000
0.658000
1.543000
1.432000
1.995000
1.735000
2.056000
2.118000
2.550000
2.409000
2.129000
2.281000
2.568000
2.798000
2.607000
2.525000
2.799000
2.719000
-1.690000
-1.646000
-1.689000
-1.579000
-1.636000
-1.612000
-1.671000
-1.597000
-1.660000
-1.690000
-1.690000
-1.688000
-1.690000
-1.690000
-1.690000
-1.690000
-1.690000
-1.690000
-1.690000
-1.690000
-1.690000
-1.690000
-1.690000
-1.687000
-1.661000
-1.690000
-1.526000
-0.772000
-0.777000
-1.023000
-0.431000
-0.129000
-0.171000
0.169000
0.123000
0.188000
0.252000
1.359000
0.632000
0.588000
0.400000
1.582000
0.703000
0.748000
0.496000
1.315000
0.738000
0.677000
0.608000
0.998000
0.740000
0.720000
0.795000
1.256000
0.795000
0.799000
0.763000
1.364000
0.873000
0.961000
0.746000
1.386000
0.999000
1.138000
0.774000
1.609000
1.507000
1.884000
1.777000
2.177000
2.063000
2.461000
2.442000
2.701000
2.582000
2.923000
2.816000
-1.322000
-1.308000
-1.500000
-1.559000
-1.269000
-1.661000
-1.604000
-1.673000
-1.117000
-1.650000
-1.630000
-1.675000
-1.690000
-1.690000
-1.690000
-1.690000
-1.690000
-1.690000
-1.690000
-1.690000
-1.690000
-1.690000
-1.690000
-1.690000
-1.690000
-1.690000
-1.690000
-1.690000
-1.690000
-1.689000
-1.686000
-1.503000
-1.690000
-1.391000
-1.261000
-0.442000
-1.301000
-0.585000
-0.248000
0.172000
-0.024000
0.129000
0.246000
0.572000
1.488000
0.928000
0.714000
0.607000
1.544000
0.946000
0.823000
0.627000
1.768000
0.919000
0.894000
0.621000
1.809000
0.911000
1.202000
0.957000
1.693000
1.086000
1.145000
1.201000
1.635000
1.320000
1.291000
1.247000
1.837000
1.541000
1.569000
1.176000
2.010000
1.814000
1.758000
1.637000
2.235000
2.308000
2.233000
2.400000
2.458000
2.690000
2.615000
2.826000
-0.011000
-0.633000
-1.038000
-1.355000
0.265000
-1.000000
-1.192000
-1.544000
-1.685000
-1.597000
-1.354000
-1.690000
-1.668000
-1.629000
-1.674000
-1.690000
-1.650000
-1.688000
-1.690000
-1.690000
-1.689000
-1.690000
-1.690000
-1.690000
-1.690000
-1.690000
-1.690000
-1.629000
-1.690000
-1.547000
-1.202000
-0.557000
-1.157000
-0.725000
-0.368000
0.155000
-0.355000
0.213000
0.365000
0.666000
0.789000
0.976000
0.887000
0.818000
1.666000
1.024000
1.089000
0.864000
1.859000
1.198000
1.004000
0.926000
1.698000
1.235000
1.316000
1.268000
1.828000
1.300000
1.507000
1.606000
1.871000
1.722000
1.934000
1.830000
1.971000
2.069000
2.076000
2.042000
2.041000
2.226000
2.283000
2.347000
2.269000
2.340000
2.297000
2.539000
2.692000
2.768000
2.555000
2.922000
-0.195000
-0.435000
-0.663000
-0.993000
0.820000
0.014000
-0.629000
-0.973000
1.557000
0.178000
-0.607000
-1.040000
1.641000
-0.066000
-0.665000
-1.025000
0.735000
-0.545000
-1.483000
-1.679000
-0.236000
-1.667000
-1.690000
-1.690000
-1.661000
-1.690000
-1.690000
-1.690000
-1.690000
-1.690000
-1.690000
-1.690000
-1.690000
-1.690000
-1.689000
-1.337000
-1.360000
-1.109000
-0.402000
0.027000
0.180000
0.158000
0.360000
0.694000
1.144000
0.809000
0.818000
0.876000
1.369000
0.951000
1.117000
0.987000
1.427000
1.174000
1.096000
1.018000
1.543000
1.457000
1.235000
1.156000
1.468000
1.455000
1.406000
1.396000
1.552000
1.689000
1.751000
1.767000
2.026000
1.923000
2.060000
2.070000
1.932000
1.982000
2.173000
2.036000
2.112000
2.137000
2.340000
2.113000
2.404000
2.382000
2.710000
2.601000
0.103000
-0.177000
-0.364000
-0.724000
0.974000
-0.059000
-1.110000
-1.231000
-1.690000
-1.690000
-1.690000
-1.690000
-1.690000
-1.690000
-1.690000
-1.690000
-1.690000
-1.690000
-1.690000
-1.589000
-1.682000
-1.204000
-0.549000
-0.255000
0.567000
0.171000
0.616000
0.538000
1.428000
0.825000
0.956000
0.898000
1.621000
0.914000
0.931000
0.907000
1.478000
1.151000
1.021000
0.941000
1.554000
1.356000
1.186000
1.291000
1.737000
1.335000
1.466000
1.770000
1.564000
1.302000
1.736000
1.914000
1.771000
1.642000
1.968000
2.013000
1.895000
1.931000
2.201000
2.042000
1.933000
2.080000
2.312000
2.147000
2.486000
2.352000
2.631000
2.263000
-1.690000
-1.690000
-1.690000
-1.690000
-1.690000
-1.690000
-1.690000
-1.690000
-1.690000
-1.605000
-1.334000
-0.663000
-0.316000
-0.136000
0.427000
0.414000
1.658000
1.050000
1.149000
0.880000
1.639000
1.058000
1.256000
1.031000
1.600000
1.162000
1.266000
1.190000
1.610000
1.194000
1.409000
1.473000
1.569000
1.227000
1.551000
1.813000
1.673000
1.478000
1.716000
1.693000
1.810000
1.575000
1.945000
1.896000
1.976000
1.707000
2.035000
2.076000
1.970000
1.797000
2.106000
1.993000
2.562000
2.256000
2.689000
2.773000
-0.200000
-0.483000
-0.705000
-0.700000
-0.738000
-0.924000
-1.176000
-1.040000
-1.508000
-1.164000
-1.280000
-1.181000
-1.681000
-1.467000
-1.334000
-1.323000
-1.584000
-1.145000
-1.329000
-1.405000
-1.377000
-1.156000
-1.164000
-1.478000
-1.630000
-1.432000
-1.173000
-1.501000
-1.689000
-1.683000
-1.263000
-1.378000
-1.689000
-1.672000
-1.199000
-1.057000
-1.673000
-1.601000
-1.076000
-0.820000
-0.866000
-0.859000
-0.880000
-0.733000
-0.508000
-0.803000
-0.995000
-0.803000
-0.378000
-0.813000
-0.940000
-0.862000
-0.334000
-0.476000
-0.755000
-0.580000
-0.020000
-0.280000
-0.311000
-0.407000
0.039000
-0.225000
-0.152000
-0.390000
0.843000
0.692000
0.608000
0.453000
1.214000
1.500000
1.108000
0.894000
0.076000
-0.338000
-0.775000
-0.658000
-0.348000
-0.643000
-1.124000
-1.020000
-1.046000
-0.869000
-1.243000
-1.200000
-1.613000
-1.177000
-1.493000
-1.381000
-1.536000
-1.126000
-1.412000
-1.342000
-1.547000
-1.109000
-1.339000
-1.343000
-1.677000
-1.606000
-1.294000
-1.281000
-1.689000
-1.689000
-1.445000
-1.532000
-1.689000
-1.690000
-1.483000
-1.501000
-1.689000
-1.685000
-1.559000
-0.948000
-1.544000
-0.936000
-1.435000
-0.385000
-0.371000
-0.734000
-0.840000
-0.933000
-0.709000
-0.726000
-0.869000
-1.069000
-0.333000
-0.464000
-0.589000
-0.698000
-0.174000
-0.034000
-0.223000
-0.506000
0.227000
0.159000
-0.099000
-0.137000
0.797000
1.111000
0.745000
0.505000
1.165000
1.397000
1.117000
0.933000
0.124000
-0.232000
-0.576000
-0.583000
-0.119000
-0.557000
-0.882000
-0.818000
-0.643000
-0.955000
-1.340000
-1.362000
-1.541000
-1.425000
-1.688000
-1.688000
-1.681000
-1.587000
-1.634000
-1.588000
-1.629000
-1.346000
-1.245000
-1.219000
-1.684000
-1.622000
-1.326000
-1.292000
-1.689000
-1.689000
-1.309000
-1.195000
-1.689000
-1.688000
-1.280000
-1.156000
-1.660000
-1.557000
-1.391000
-1.207000
-0.724000
-0.593000
-0.698000
-0.446000
-0.680000
-0.751000
-1.005000
-0.634000
-0.806000
-0.522000
-0.697000
-0.989000
0.095000
0.194000
-0.270000
-0.592000
0.274000
0.282000
-0.093000
-0.322000
0.054000
-0.032000
0.156000
-0.055000
0.471000
0.579000
0.871000
0.688000
0.558000
0.701000
1.055000
1.130000
-0.124000
-0.378000
-0.788000
-0.891000
-0.279000
-0.688000
-0.941000
-1.010000
-1.212000
-1.358000
-1.457000
-1.470000
-1.689000
-1.690000
-1.690000
-1.690000
-1.665000
-1.635000
-1.643000
-1.599000
-1.382000
-1.377000
-1.261000
-1.300000
-1.353000
-1.312000
-1.320000
-1.237000
-1.475000
-1.551000
-1.369000
-1.141000
-1.680000
-1.675000
-0.915000
-1.171000
-1.439000
-0.879000
-0.562000
-1.178000
-0.349000
-0.893000
-0.811000
-0.920000
-0.529000
-0.741000
-0.716000
-0.887000
-0.452000
-0.542000
-0.470000
-0.690000
0.146000
0.044000
-0.300000
-0.478000
0.589000
0.300000
-0.011000
-0.317000
0.946000
0.924000
0.675000
0.148000
1.541000
1.662000
1.496000
1.150000
1.225000
1.594000
1.368000
0.982000
-0.506000
-0.690000
-1.046000
-1.144000
-0.684000
-0.869000
-1.201000
-1.448000
-0.940000
-1.134000
-1.407000
-1.408000
-1.672000
-1.673000
-1.683000
-1.681000
-1.689000
-1.690000
-1.690000
-1.690000
-1.610000
-1.479000
-1.642000
-1.674000
-0.689000
-0.757000
-1.019000
-1.174000
-1.161000
-0.901000
-1.091000
-1.274000
-1.370000
-1.117000
-0.982000
-1.117000
-1.497000
-1.244000
-0.605000
-0.845000
-1.597000
-0.939000
-0.400000
-1.009000
-0.871000
-1.004000
-0.719000
-0.919000
-0.639000
-0.709000
-0.914000
-1.124000
-0.434000
-0.172000
-0.571000
-0.930000
-0.164000
0.025000
-0.353000
-0.555000
0.271000
0.253000
-0.005000
-0.054000
0.935000
1.023000
0.864000
0.907000
1.292000
1.646000
1.313000
1.288000
1.674000
1.800000
1.220000
1.066000
-1.663000
-1.644000
-1.400000
-1.629000
-1.624000
-1.477000
-1.625000
-1.642000
-1.670000
-1.664000
-1.687000
-1.688000
-1.690000
-1.689000
-1.689000
-1.690000
-1.690000
-1.690000
-1.689000
-1.690000
-1.690000
-1.690000
-1.677000
-1.654000
-1.668000
-1.679000
-1.097000
-0.799000
-1.156000
-1.353000
-0.944000
-0.581000
-0.888000
-1.119000
-1.448000
-0.961000
-0.711000
-0.997000
-1.520000
-1.002000
-0.390000
-0.793000
-1.605000
-0.997000
-0.172000
-0.739000
-1.427000
-0.268000
-0.383000
-0.898000
-0.300000
-0.670000
-0.835000
-1.005000
-0.500000
-0.564000
-0.773000
-1.297000
-0.344000
-0.063000
-0.356000
-0.966000
0.014000
0.351000
0.164000
-0.342000
0.448000
0.596000
0.303000
-0.065000
1.010000
1.152000
0.842000
0.506000
1.450000
1.529000
1.497000
1.250000
-1.689000
-1.690000
-1.690000
-1.690000
-1.564000
-1.513000
-1.524000
-1.744000
-1.152000
-1.257000
-1.243000
-1.535000
-1.689000
-1.689000
-1.655000
-1.626000
-1.689000
-1.690000
-1.690000
-1.690000
-1.689000
-1.690000
-1.690000
-1.690000
-1.689000
-1.690000
-1.690000
-1.690000
-1.684000
-1.640000
-1.674000
-1.678000
-1.506000
-1.262000
-1.450000
-1.400000
-1.143000
-0.813000
-1.198000
-1.134000
-0.986000
-0.717000
-0.843000
-0.853000
-1.055000
-0.535000
-0.433000
-0.720000
-0.691000
-0.701000
-0.305000
-0.705000
-0.130000
-0.514000
-0.607000
-0.546000
-0.098000
-0.683000
-0.373000
-0.458000
-0.349000
-0.650000
-0.364000
-0.645000
-0.441000
-0.313000
0.118000
-0.225000
0.174000
0.471000
0.541000
-0.150000
0.276000
0.562000
0.391000
0.072000
0.321000
0.829000
0.577000
0.867000
1.246000
1.197000
1.183000
1.513000
-1.657000
-1.670000
-1.657000
-1.681000
-0.767000
-0.867000
-1.158000
-1.388000
-0.895000
-1.155000
-1.181000
-1.463000
-1.659000
-1.681000
-1.670000
-1.671000
-1.689000
-1.690000
-1.690000
-1.690000
-1.689000
-1.690000
-1.690000
-1.690000
-1.689000
-1.664000
-1.686000
-1.688000
-1.667000
-1.462000
-1.645000
-1.664000
-1.420000
-1.156000
-1.312000
-1.274000
-0.771000
-0.984000
-0.949000
-0.802000
-0.565000
-0.850000
-0.495000
-0.607000
-0.621000
-0.715000
-0.475000
-0.453000
-0.297000
-0.405000
-0.475000
-0.376000
-0.033000
-0.357000
-0.429000
-0.464000
0.345000
0.007000
-0.009000
-0.206000
0.537000
0.161000
0.311000
0.071000
0.633000
0.631000
0.580000
0.165000
0.748000
1.066000
0.904000
0.382000
1.002000
1.364000
1.086000
0.636000
1.426000
1.413000
1.279000
1.146000
-1.689000
-1.690000
-1.690000
-1.690000
-1.689000
-1.690000
-1.690000
-1.690000
-1.606000
-1.644000
-1.573000
-1.624000
-0.428000
-0.688000
-0.962000
-1.186000
-1.229000
-1.405000
-1.356000
-1.462000
-1.583000
-1.689000
-1.646000
-1.468000
-1.689000
-1.690000
-1.690000
-1.690000
-1.689000
-1.690000
-1.690000
-1.690000
-1.689000
-1.690000
-1.690000
-1.690000
-1.687000
-1.410000
-1.311000
-1.554000
-1.257000
-0.955000
-1.107000
-1.102000
-0.471000
-1.038000
-0.764000
-0.921000
-0.296000
-0.662000
-0.556000
-0.676000
-0.212000
-0.096000
-0.394000
-0.565000
-0.002000
0.026000
-0.307000
-0.319000
0.494000
0.319000
0.215000
0.128000
0.754000
0.682000
0.562000
0.471000
0.867000
0.582000
0.745000
0.672000
0.751000
0.560000
0.691000
0.311000
1.091000
0.822000
0.997000
0.681000
1.518000
1.482000
1.306000
0.948000
-1.689000
-1.690000
-1.690000
-1.690000
-1.593000
-1.620000
-1.326000
-1.462000
-1.689000
-1.690000
-1.690000
-1.690000
-1.689000
-1.690000
-1.690000
-1.690000
-1.689000
-1.690000
-1.690000
-1.690000
-1.689000
-1.689000
-1.424000
-1.666000
-1.543000
-0.937000
-1.154000
-1.239000
-0.198000
-1.093000
-1.094000
-0.840000
-0.259000
-0.662000
-0.628000
-0.647000
-0.095000
-0.139000
-0.369000
-0.454000
0.053000
-0.048000
-0.146000
-0.075000
0.504000
0.411000
0.162000
0.200000
0.801000
0.393000
0.414000
0.119000
0.880000
0.656000
0.634000
0.162000
1.024000
0.662000
0.967000
0.622000
1.207000
0.776000
0.990000
0.709000
1.678000
1.310000
1.258000
0.917000
-1.689000
-1.690000
-1.690000
-1.690000
-1.689000
-1.690000
-1.690000
-1.690000
-1.689000
-1.690000
-1.416000
-1.686000
-1.121000
-1.240000
-0.973000
-1.071000
-0.169000
-0.790000
-0.787000
-0.889000
-0.130000
-0.343000
-0.528000
-0.681000
0.077000
0.085000
-0.084000
-0.152000
0.423000
0.446000
0.207000
0.099000
0.660000
0.552000
0.260000
0.222000
0.723000
0.380000
0.305000
0.281000
0.692000
0.449000
0.490000
0.873000
1.225000
0.881000
1.086000
1.311000
1.425000
1.080000
1.368000
1.161000
1.628000
1.291000
1.296000
1.220000
1.220000
