-1.690000
-1.690000
-1.690000
-1.690000
-1.690000
-1.690000
-1.690000
-1.690000
-1.690000
-1.690000
-1.690000
-1.690000
-1.690000
-1.690000
-1.690000
-1.690000
-1.690000
-1.690000
-1.690000
-1.690000
-1.689000
-1.690000
-1.690000
-1.690000
-1.504000
-1.690000
-1.690000
-1.690000
-1.238000
-1.687000
-1.680000
-1.690000
-1.191000
-1.514000
-1.470000
-1.591000
-1.190000
-1.300000
-1.407000
-1.469000
-0.949000
-1.179000
-1.272000
-1.446000
-0.811000
-1.144000
-1.137000
-1.351000
-0.673000
-1.052000
-0.810000
-1.124000
-0.349000
-0.716000
-0.629000
-1.007000
0.017000
-0.486000
-0.361000
-0.638000
0.610000
-0.214000
0.088000
-0.282000
1.096000
0.397000
0.743000
0.701000
1.238000
0.630000
0.942000
0.866000
-1.690000
-1.690000
-1.690000
-1.690000
-1.690000
-1.690000
-1.690000
-1.690000
-1.690000
-1.690000
-1.690000
-1.690000
-1.690000
-1.690000
-1.690000
-1.690000
-1.690000
-1.690000
-1.690000
-1.690000
-1.690000
-1.690000
-1.690000
-1.690000
-1.643000
-1.690000
-1.690000
-1.690000
-1.191000
-1.668000
-1.590000
-1.669000
-0.929000
-1.266000
-1.295000
-1.544000
-0.847000
-1.262000
-1.170000
-1.466000
-0.841000
-1.200000
-1.091000
-1.381000
-0.877000
-1.257000
-1.154000
-1.292000
-0.644000
-1.077000
-0.855000
-0.996000
0.170000
-0.715000
-0.224000
-0.571000
0.335000
-0.145000
0.053000
-0.209000
1.091000
0.700000
0.615000
0.367000
1.362000
0.792000
0.523000
0.607000
1.293000
0.818000
0.549000
0.812000
-1.690000
-1.690000
-1.690000
-1.690000
-1.690000
-1.690000
-1.690000
-1.690000
-1.690000
-1.690000
-1.690000
-1.690000
-1.690000
-1.690000
-1.690000
-1.690000
-1.690000
-1.690000
-1.690000
-1.690000
-1.690000
-1.690000
-1.690000
-1.690000
-1.629000
-1.690000
-1.690000
-1.690000
-1.215000
-1.660000
-1.578000
-1.666000
-0.807000
-1.287000
-1.241000
-1.428000
-0.767000
-1.128000
-1.062000
-1.230000
-0.655000
-0.987000
-0.985000
-1.166000
-0.745000
-0.951000
-0.996000
-1.192000
-0.649000
-0.955000
-0.799000
-1.072000
-0.314000
-0.819000
-0.816000
-0.942000
0.313000
-0.391000
-0.393000
-0.511000
0.904000
0.393000
0.103000
0.120000
1.215000
0.694000
0.617000
0.444000
1.510000
1.017000
0.848000
1.024000
-1.690000
-1.690000
-1.690000
-1.690000
-1.690000
-1.690000
-1.690000
-1.690000
-1.690000
-1.690000
-1.690000
-1.690000
-1.690000
-1.690000
-1.690000
-1.690000
-1.690000
-1.690000
-1.690000
-1.690000
-1.690000
-1.690000
-1.690000
-1.690000
-1.565000
-1.690000
-1.690000
-1.690000
-1.421000
-1.683000
-1.676000
-1.650000
-1.082000
-1.403000
-1.259000
-1.290000
-0.838000
-1.047000
-1.177000
-1.222000
-0.807000
-0.866000
-1.122000
-1.300000
-0.755000
-0.880000
-1.006000
-1.169000
-0.670000
-0.816000
-1.023000
-1.052000
-0.503000
-0.682000
-0.778000
-0.773000
0.297000
-0.254000
0.180000
-0.218000
0.656000
0.313000
0.408000
0.279000
1.160000
1.085000
1.132000
1.327000
1.495000
1.333000
1.690000
1.340000
-1.690000
-1.686000
-1.690000
-1.690000
-1.690000
-1.690000
-1.690000
-1.690000
-1.690000
-1.690000
-1.690000
-1.690000
-1.690000
-1.690000
-1.690000
-1.690000
-1.690000
-1.690000
-1.690000
-1.690000
-1.690000
-1.690000
-1.690000
-1.690000
-1.690000
-1.690000
-1.690000
-1.690000
-1.634000
-1.690000
-1.690000
-1.690000
-1.319000
-1.575000
-1.629000
-1.678000
-1.047000
-1.309000
-1.437000
-1.494000
-0.799000
-0.955000
-1.221000
-1.131000
-0.719000
-0.823000
-1.143000
-1.067000
-0.751000
-0.898000
-1.270000
-1.184000
-0.706000
-0.834000
-1.171000
-0.977000
-0.122000
-0.268000
-0.566000
-0.667000
0.816000
0.721000
-0.108000
-0.271000
1.667000
0.989000
0.589000
0.289000
1.644000
1.069000
1.010000
0.760000
1.910000
1.188000
1.428000
1.353000
-1.690000
-1.690000
-1.690000
-1.690000
-1.690000
-1.685000
-1.690000
-1.690000
-1.690000
-1.690000
-1.690000
-1.690000
-1.690000
-1.690000
-1.690000
-1.690000
-1.690000
-1.690000
-1.690000
-1.690000
-1.690000
-1.690000
-1.690000
-1.690000
-1.690000
-1.690000
-1.690000
-1.690000
-1.690000
-1.690000
-1.690000
-1.690000
-1.400000
-1.641000
-1.690000
-1.690000
-1.014000
-1.271000
-1.413000
-1.542000
-0.671000
-0.902000
-1.164000
-1.153000
-0.622000
-0.731000
-1.126000
-1.162000
-0.567000
-0.630000
-1.087000
-1.080000
-0.418000
-0.566000
-0.991000
-0.970000
-0.414000
-0.525000
-0.910000
-0.770000
-0.436000
-0.781000
-0.737000
-0.665000
0.069000
-0.553000
-0.754000
-0.447000
0.620000
-0.151000
-0.534000
0.242000
1.329000
0.632000
0.562000
0.773000
1.788000
1.105000
1.073000
1.010000
-1.690000
-1.690000
-1.690000
-1.690000
-1.690000
-1.690000
-1.690000
-1.690000
-1.690000
-1.690000
-1.690000
-1.690000
-1.690000
-1.690000
-1.690000
-1.690000
-1.690000
-1.690000
-1.690000
-1.690000
-1.690000
-1.690000
-1.690000
-1.690000
-1.690000
-1.690000
-1.690000
-1.690000
-1.690000
-1.690000
-1.690000
-1.690000
-1.689000
-1.690000
-1.690000
-1.690000
-1.379000
-1.668000
-1.690000
-1.690000
-0.975000
-1.324000
-1.506000
-1.513000
-0.735000
-0.921000
-1.048000
-1.328000
-0.367000
-0.788000
-0.955000
-1.179000
-0.381000
-0.607000
-0.795000
-1.038000
-0.201000
-0.358000
-0.759000
-0.835000
0.107000
-0.048000
-0.512000
-0.431000
0.180000
0.038000
-0.452000
-0.200000
0.196000
0.072000
-0.566000
-0.255000
0.441000
0.337000
0.250000
0.136000
1.222000
1.050000
0.908000
0.867000
1.681000
1.439000
1.032000
1.069000
-1.690000
-1.690000
-1.690000
-1.690000
-1.690000
-1.690000
-1.690000
-1.690000
-1.690000
-1.690000
-1.690000
-1.690000
-1.690000
-1.690000
-1.690000
-1.690000
-1.690000
-1.690000
-1.690000
-1.690000
-1.690000
-1.690000
-1.690000
-1.690000
-1.690000
-1.690000
-1.690000
-1.690000
-1.689000
-1.690000
-1.690000
-1.690000
-1.473000
-1.669000
-1.690000
-1.690000
-1.257000
-1.050000
-1.562000
-1.605000
-1.031000
-0.907000
-1.062000
-1.356000
-0.465000
-0.593000
-0.690000
-1.055000
-0.254000
-0.394000
-0.491000
-0.692000
0.002000
-0.100000
-0.452000
-0.664000
0.120000
0.064000
-0.234000
-0.291000
0.649000
0.313000
0.131000
-0.151000
0.639000
0.566000
0.369000
0.081000
0.934000
0.793000
0.524000
0.603000
1.232000
0.970000
0.578000
0.674000
1.287000
1.087000
0.948000
1.102000
-1.685000
-1.690000
-1.690000
-1.690000
-1.690000
-1.690000
-1.690000
-1.690000
-1.690000
-1.690000
-1.690000
-1.690000
-1.690000
-1.690000
-1.690000
-1.690000
-1.690000
-1.690000
-1.690000
-1.690000
-1.690000
-1.690000
-1.690000
-1.690000
-1.690000
-1.690000
-1.690000
-1.690000
-1.690000
-1.690000
-1.690000
-1.690000
-1.690000
-1.690000
-1.690000
-1.690000
-1.523000
-1.646000
-1.690000
-1.690000
-1.053000
-0.957000
-1.474000
-1.611000
-0.762000
-0.894000
-1.003000
-1.286000
-0.523000
-0.765000
-0.799000
-1.034000
-0.200000
-0.397000
-0.711000
-0.885000
0.275000
-0.003000
-0.185000
-0.374000
0.598000
0.218000
0.265000
-0.015000
0.521000
0.058000
-0.040000
-0.060000
0.908000
0.445000
0.077000
0.022000
0.990000
0.669000
0.391000
0.408000
1.239000
0.772000
0.547000
0.590000
1.612000
1.311000
1.003000
0.852000
-1.680000
-1.662000
-1.688000
-1.690000
-1.690000
-1.690000
-1.690000
-1.690000
-1.690000
-1.690000
-1.690000
-1.690000
-1.690000
-1.690000
-1.690000
-1.690000
-1.690000
-1.690000
-1.690000
-1.690000
-1.541000
-1.591000
-1.690000
-1.690000
-0.919000
-0.886000
-1.471000
-1.529000
-0.566000
-0.610000
-0.992000
-1.131000
-0.336000
-0.379000
-0.846000
-1.058000
-0.142000
-0.265000
-0.584000
-0.849000
0.469000
0.068000
-0.312000
-0.621000
0.587000
0.310000
0.066000
-0.119000
0.545000
0.122000
0.023000
-0.184000
0.647000
0.213000
0.090000
0.397000
1.174000
0.677000
0.555000
0.746000
1.481000
1.047000
0.879000
0.639000
1.752000
1.339000
0.815000
0.731000
-1.690000
-1.690000
-1.690000
-1.690000
-1.690000
-1.690000
-1.690000
-1.690000
-1.499000
-1.533000
-1.690000
-1.690000
-1.216000
-1.008000
-1.458000
-1.521000
-0.680000
-0.622000
-1.141000
-1.078000
-0.249000
-0.239000
-0.528000
-0.592000
-0.109000
-0.011000
-0.269000
-0.355000
0.537000
0.364000
-0.045000
-0.150000
0.638000
0.488000
-0.009000
-0.110000
0.882000
0.538000
0.082000
-0.096000
0.939000
0.389000
0.268000
0.333000
1.106000
0.748000
0.541000
0.616000
1.254000
0.722000
0.633000
0.737000
1.375000
0.970000
0.731000
0.864000
-1.690000
-1.691000
-1.690000
-1.690000
-1.690000
-1.691000
-1.690000
-1.690000
-1.690000
-1.691000
-1.690000
-1.690000
-1.690000
-1.691000
-1.690000
-1.690000
-1.690000
-1.691000
-1.690000
-1.690000
-1.690000
-1.691000
-1.690000
-1.690000
-1.690000
-1.691000
-1.690000
-1.690000
-1.690000
-1.691000
-1.690000
-1.690000
-1.690000
-1.691000
-1.690000
-1.690000
-1.690000
-1.691000
-1.690000
-1.690000
-1.690000
-1.683000
-1.634000
-1.690000
-1.661000
-1.494000
-1.216000
-1.478000
-1.015000
-1.337000
-1.197000
-1.412000
-0.952000
-1.106000
-1.081000
-1.446000
-0.671000
-0.828000
-0.852000
-1.282000
0.011000
-0.190000
-0.008000
-0.350000
0.176000
0.307000
0.322000
-0.131000
0.489000
0.283000
0.323000
0.026000
-1.690000
-1.691000
-1.690000
-1.690000
-1.690000
-1.691000
-1.690000
-1.690000
-1.690000
-1.691000
-1.690000
-1.690000
-1.690000
-1.691000
-1.690000
-1.690000
-1.690000
-1.691000
-1.690000
-1.690000
-1.690000
-1.691000
-1.690000
-1.690000
-1.690000
-1.691000
-1.690000
-1.690000
-1.690000
-1.691000
-1.690000
-1.690000
-1.690000
-1.691000
-1.690000
-1.690000
-1.690000
-1.691000
-1.690000
-1.690000
-1.690000
-1.691000
-1.604000
-1.690000
-1.673000
-1.479000
-1.415000
-1.513000
-1.211000
-1.345000
-1.143000
-1.240000
-0.753000
-1.015000
-0.998000
-1.307000
-0.554000
-0.924000
-0.819000
-1.205000
0.501000
0.177000
0.092000
-0.551000
0.489000
0.266000
0.194000
-0.219000
0.211000
0.262000
0.556000
0.077000
-1.690000
-1.691000
-1.690000
-1.690000
-1.690000
-1.691000
-1.690000
-1.690000
-1.690000
-1.691000
-1.690000
-1.690000
-1.690000
-1.691000
-1.690000
-1.690000
-1.690000
-1.691000
-1.690000
-1.690000
-1.690000
-1.691000
-1.690000
-1.690000
-1.690000
-1.691000
-1.690000
-1.690000
-1.690000
-1.691000
-1.690000
-1.690000
-1.690000
-1.691000
-1.690000
-1.690000
-1.690000
-1.691000
-1.690000
-1.690000
-1.690000
-1.690000
-1.544000
-1.690000
-1.607000
-1.510000
-1.460000
-1.542000
-1.254000
-1.306000
-1.208000
-1.504000
-1.187000
-1.169000
-0.924000
-1.307000
-0.833000
-1.006000
-0.780000
-1.289000
-0.385000
-0.772000
-0.785000
-1.038000
0.138000
0.036000
0.293000
-0.318000
0.266000
0.326000
0.431000
-0.168000
-1.690000
-1.691000
-1.690000
-1.690000
-1.690000
-1.691000
-1.690000
-1.690000
-1.690000
-1.691000
-1.690000
-1.690000
-1.690000
-1.691000
-1.690000
-1.690000
-1.690000
-1.691000
-1.690000
-1.690000
-1.690000
-1.691000
-1.690000
-1.690000
-1.690000
-1.691000
-1.690000
-1.690000
-1.690000
-1.691000
-1.690000
-1.690000
-1.690000
-1.691000
-1.690000
-1.690000
-1.690000
-1.691000
-1.690000
-1.690000
-1.690000
-1.691000
-1.665000
-1.690000
-1.624000
-1.585000
-1.572000
-1.690000
-1.409000
-1.362000
-1.232000
-1.405000
-0.881000
-0.913000
-0.664000
-1.217000
-0.598000
-0.509000
-0.285000
-0.992000
-0.023000
0.107000
-0.365000
-0.850000
0.613000
0.646000
0.305000
-0.394000
1.556000
1.420000
1.556000
0.305000
-1.689000
-1.691000
-1.690000
-1.690000
-1.690000
-1.691000
-1.690000
-1.690000
-1.690000
-1.691000
-1.690000
-1.690000
-1.690000
-1.691000
-1.690000
-1.690000
-1.690000
-1.691000
-1.690000
-1.690000
-1.690000
-1.691000
-1.690000
-1.690000
-1.690000
-1.691000
-1.690000
-1.690000
-1.690000
-1.691000
-1.690000
-1.690000
-1.690000
-1.691000
-1.690000
-1.690000
-1.690000
-1.691000
-1.690000
-1.690000
-1.690000
-1.691000
-1.690000
-1.690000
-1.690000
-1.691000
-1.689000
-1.690000
-1.689000
-1.682000
-1.524000
-1.690000
-1.580000
-1.614000
-1.329000
-1.590000
-1.204000
-1.282000
-0.935000
-1.368000
-0.350000
-0.316000
-0.709000
-0.716000
0.513000
0.472000
-0.099000
-0.327000
0.699000
0.681000
0.179000
-0.052000
0.809000
0.682000
0.794000
0.347000
-1.690000
-1.691000
-1.690000
-1.690000
-1.690000
-1.691000
-1.690000
-1.690000
-1.690000
-1.691000
-1.690000
-1.690000
-1.690000
-1.691000
-1.690000
-1.690000
-1.690000
-1.691000
-1.690000
-1.690000
-1.690000
-1.691000
-1.690000
-1.690000
-1.690000
-1.691000
-1.690000
-1.690000
-1.690000
-1.691000
-1.690000
-1.690000
-1.690000
-1.691000
-1.690000
-1.690000
-1.690000
-1.691000
-1.690000
-1.690000
-1.690000
-1.691000
-1.690000
-1.690000
-1.690000
-1.691000
-1.690000
-1.690000
-1.690000
-1.691000
-1.687000
-1.690000
-1.688000
-1.686000
-1.581000
-1.690000
-1.519000
-1.517000
-1.400000
-1.682000
-1.329000
-1.481000
-1.344000
-1.402000
-0.956000
-1.036000
-0.949000
-1.144000
-0.536000
-0.553000
-0.764000
-0.874000
-0.143000
-0.248000
-0.326000
-0.544000
0.555000
0.664000
0.697000
0.359000
-1.690000
-1.691000
-1.690000
-1.690000
-1.690000
-1.691000
-1.690000
-1.690000
-1.690000
-1.691000
-1.690000
-1.690000
-1.690000
-1.691000
-1.690000
-1.690000
-1.690000
-1.691000
-1.690000
-1.690000
-1.690000
-1.691000
-1.690000
-1.690000
-1.690000
-1.691000
-1.690000
-1.690000
-1.690000
-1.691000
-1.690000
-1.690000
-1.690000
-1.691000
-1.690000
-1.690000
-1.690000
-1.691000
-1.690000
-1.690000
-1.690000
-1.691000
-1.690000
-1.690000
-1.690000
-1.691000
-1.690000
-1.690000
-1.689000
-1.690000
-1.690000
-1.690000
-1.675000
-1.690000
-1.690000
-1.690000
-1.397000
-1.691000
-1.633000
-1.690000
-1.079000
-1.368000
-1.218000
-1.565000
-0.537000
-0.888000
-0.708000
-1.286000
-0.280000
-0.367000
-0.327000
-1.112000
-0.234000
-0.316000
-0.326000
-1.083000
0.377000
0.052000
0.140000
-0.713000
0.745000
0.621000
0.527000
-0.281000
-1.690000
-1.691000
-1.690000
-1.690000
-1.690000
-1.691000
-1.690000
-1.690000
-1.690000
-1.691000
-1.690000
-1.690000
-1.690000
-1.691000
-1.690000
-1.690000
-1.690000
-1.691000
-1.690000
-1.690000
-1.690000
-1.691000
-1.690000
-1.690000
-1.690000
-1.691000
-1.690000
-1.690000
-1.690000
-1.691000
-1.690000
-1.690000
-1.690000
-1.691000
-1.690000
-1.690000
-1.690000
-1.691000
-1.690000
-1.690000
-1.689000
-1.691000
-1.690000
-1.690000
-1.642000
-1.688000
-1.690000
-1.690000
-1.245000
-1.646000
-1.690000
-1.690000
-1.177000
-1.415000
-1.506000
-1.687000
-0.485000
-0.772000
-0.932000
-1.346000
-0.236000
-0.216000
-0.366000
-1.033000
-0.402000
-0.374000
-0.240000
-0.515000
-0.306000
-0.206000
0.135000
-0.228000
0.368000
0.314000
0.450000
-0.090000
0.883000
0.948000
0.863000
0.242000
-1.690000
-1.691000
-1.690000
-1.690000
-1.690000
-1.691000
-1.690000
-1.690000
-1.689000
-1.691000
-1.690000
-1.690000
-1.668000
-1.691000
-1.690000
-1.690000
-1.687000
-1.691000
-1.690000
-1.690000
-1.690000
-1.691000
-1.690000
-1.690000
-1.690000
-1.691000
-1.690000
-1.690000
-1.690000
-1.691000
-1.690000
-1.690000
-1.690000
-1.691000
-1.690000
-1.690000
-1.690000
-1.691000
-1.690000
-1.690000
-1.690000
-1.691000
-1.690000
-1.690000
-1.681000
-1.689000
-1.690000
-1.690000
-1.358000
-1.657000
-1.690000
-1.690000
-1.336000
-1.460000
-1.683000
-1.690000
-1.261000
-1.274000
-1.472000
-1.534000
-1.073000
-0.814000
-0.913000
-1.279000
-0.986000
-0.619000
-0.668000
-1.116000
-0.504000
-0.491000
-0.708000
-1.135000
0.016000
-0.022000
0.007000
-0.853000
0.460000
0.135000
0.453000
-0.295000
0.551000
0.405000
0.531000
-0.112000
-1.690000
-1.691000
-1.690000
-1.690000
-1.690000
-1.691000
-1.690000
-1.690000
-1.690000
-1.691000
-1.690000
-1.690000
-1.690000
-1.691000
-1.690000
-1.690000
-1.690000
-1.691000
-1.690000
-1.690000
-1.690000
-1.691000
-1.690000
-1.690000
-1.599000
-1.690000
-1.690000
-1.690000
-1.381000
-1.681000
-1.690000
-1.690000
-1.526000
-1.538000
-1.688000
-1.690000
-1.337000
-1.319000
-1.673000
-1.690000
-1.057000
-0.646000
-1.275000
-1.504000
-0.901000
-0.650000
-0.776000
-1.283000
-0.787000
-0.519000
-0.549000
-0.616000
-0.270000
-0.399000
-0.477000
-0.405000
0.050000
-0.212000
-0.261000
-0.546000
0.242000
0.154000
-0.068000
-0.518000
0.427000
0.150000
0.160000
-0.437000
-1.690000
-1.691000
-1.690000
-1.690000
-1.690000
-1.691000
-1.690000
-1.690000
-1.690000
-1.691000
-1.690000
-1.690000
-1.629000
-1.674000
-1.690000
-1.690000
-1.403000
-1.460000
-1.689000
-1.690000
-1.363000
-1.422000
-1.652000
-1.690000
-1.215000
-1.114000
-1.432000
-1.690000
-0.868000
-0.898000
-1.176000
-1.463000
-0.706000
-0.828000
-0.903000
-1.292000
-0.422000
-0.558000
-0.762000
-1.439000
-0.103000
-0.428000
-0.493000
-0.830000
0.371000
0.054000
0.069000
-0.448000
0.659000
0.435000
0.369000
-0.367000
0.711000
0.538000
0.307000
-0.062000
