-1.181000
-1.656000
-1.689000
-1.690000
-1.401000
-1.688000
-1.690000
-1.689000
-1.613000
-1.690000
-1.690000
-1.689000
-1.670000
-1.690000
-1.690000
-1.689000
-1.690000
-1.690000
-1.690000
-1.689000
-1.690000
-1.690000
-1.690000
-1.689000
-1.637000
-1.690000
-1.690000
-1.689000
-1.366000
-1.689000
-1.690000
-1.689000
-1.233000
-1.687000
-1.690000
-1.689000
-1.444000
-1.686000
-1.688000
-1.689000
-1.452000
-1.580000
-1.675000
-1.689000
-1.214000
-1.105000
-1.231000
-1.381000
-0.946000
-0.967000
-0.989000
-1.199000
-0.534000
-0.591000
-0.863000
-0.894000
-0.337000
-0.520000
-0.730000
-0.621000
-0.170000
-0.462000
-0.416000
-0.217000
0.184000
0.541000
0.242000
0.254000
0.783000
1.002000
0.818000
0.416000
-1.419000
-1.687000
-1.689000
-1.689000
-1.573000
-1.690000
-1.690000
-1.689000
-1.649000
-1.690000
-1.690000
-1.689000
-1.690000
-1.690000
-1.690000
-1.689000
-1.686000
-1.690000
-1.690000
-1.689000
-1.632000
-1.690000
-1.690000
-1.689000
-1.536000
-1.690000
-1.690000
-1.689000
-1.664000
-1.690000
-1.690000
-1.689000
-1.498000
-1.688000
-1.690000
-1.689000
-1.119000
-1.681000
-1.686000
-1.689000
-1.254000
-1.582000
-1.671000
-1.690000
-1.192000
-1.159000
-1.576000
-1.481000
-1.077000
-1.146000
-1.060000
-1.227000
-0.548000
-0.901000
-1.056000
-1.224000
-0.425000
-0.531000
-0.394000
-0.339000
-0.147000
0.221000
0.408000
0.416000
0.625000
0.717000
0.674000
0.599000
0.951000
1.157000
0.711000
0.592000
-1.307000
-1.688000
-1.690000
-1.689000
-1.452000
-1.690000
-1.690000
-1.689000
-1.679000
-1.690000
-1.690000
-1.689000
-1.690000
-1.690000
-1.690000
-1.689000
-1.690000
-1.690000
-1.690000
-1.689000
-1.589000
-1.690000
-1.690000
-1.689000
-1.536000
-1.689000
-1.690000
-1.689000
-1.521000
-1.687000
-1.690000
-1.689000
-1.461000
-1.686000
-1.688000
-1.689000
-1.367000
-1.681000
-1.684000
-1.689000
-0.759000
-1.591000
-1.663000
-1.689000
-1.091000
-1.239000
-1.452000
-1.554000
-0.978000
-0.908000
-0.939000
-1.164000
-0.767000
-0.718000
-0.844000
-0.974000
-0.343000
-0.265000
-0.376000
-0.802000
-0.002000
0.231000
0.241000
-0.330000
0.461000
0.522000
0.316000
0.402000
1.093000
1.073000
0.477000
0.531000
-1.549000
-1.688000
-1.690000
-1.689000
-1.645000
-1.690000
-1.690000
-1.689000
-1.688000
-1.690000
-1.690000
-1.689000
-1.690000
-1.690000
-1.690000
-1.689000
-1.690000
-1.690000
-1.690000
-1.689000
-1.676000
-1.690000
-1.690000
-1.689000
-1.630000
-1.689000
-1.690000
-1.689000
-1.577000
-1.688000
-1.690000
-1.689000
-1.461000
-1.682000
-1.689000
-1.689000
-1.501000
-1.665000
-1.686000
-1.689000
-1.444000
-1.600000
-1.663000
-1.689000
-0.875000
-1.228000
-1.330000
-1.644000
-0.669000
-0.796000
-0.970000
-1.196000
-0.515000
-0.392000
-0.746000
-0.875000
-0.360000
-0.327000
-0.553000
-0.677000
-0.008000
-0.079000
-0.088000
-0.139000
0.971000
0.845000
1.105000
0.652000
0.775000
1.340000
0.852000
0.706000
-1.635000
-1.680000
-1.688000
-1.689000
-1.684000
-1.690000
-1.690000
-1.689000
-1.688000
-1.690000
-1.690000
-1.689000
-1.690000
-1.690000
-1.690000
-1.689000
-1.690000
-1.690000
-1.690000
-1.689000
-1.690000
-1.690000
-1.690000
-1.689000
-1.686000
-1.690000
-1.690000
-1.689000
-1.641000
-1.690000
-1.690000
-1.689000
-1.558000
-1.688000
-1.690000
-1.689000
-1.528000
-1.685000
-1.690000
-1.689000
-1.455000
-1.651000
-1.687000
-1.689000
-1.202000
-1.557000
-1.675000
-1.689000
-1.154000
-1.512000
-1.647000
-1.687000
-0.879000
-1.069000
-1.262000
-1.437000
-0.503000
-0.337000
-0.860000
-1.032000
-0.225000
-0.071000
-0.177000
-0.720000
0.929000
0.849000
0.818000
0.537000
1.294000
1.147000
0.918000
0.719000
1.148000
1.160000
0.990000
0.705000
-1.689000
-1.690000
-1.690000
-1.689000
-1.687000
-1.689000
-1.689000
-1.689000
-1.690000
-1.690000
-1.690000
-1.689000
-1.690000
-1.690000
-1.690000
-1.689000
-1.690000
-1.690000
-1.690000
-1.689000
-1.690000
-1.690000
-1.690000
-1.689000
-1.690000
-1.690000
-1.690000
-1.689000
-1.690000
-1.690000
-1.690000
-1.689000
-1.677000
-1.690000
-1.690000
-1.689000
-1.634000
-1.690000
-1.690000
-1.689000
-1.202000
-1.684000
-1.689000
-1.689000
-0.687000
-1.625000
-1.683000
-1.689000
-1.246000
-1.551000
-1.646000
-1.689000
-1.157000
-1.368000
-1.597000
-1.689000
-1.139000
-1.197000
-1.484000
-1.548000
-0.963000
-0.880000
-1.098000
-1.309000
-0.448000
-0.444000
-0.857000
-1.060000
0.035000
-0.191000
-0.247000
-0.462000
0.547000
0.706000
0.464000
0.222000
1.303000
1.133000
0.805000
0.698000
-1.690000
-1.690000
-1.690000
-1.689000
-1.690000
-1.690000
-1.690000
-1.689000
-1.690000
-1.690000
-1.690000
-1.689000
-1.690000
-1.690000
-1.690000
-1.689000
-1.690000
-1.690000
-1.690000
-1.689000
-1.690000
-1.690000
-1.690000
-1.689000
-1.690000
-1.690000
-1.690000
-1.689000
-1.690000
-1.690000
-1.690000
-1.689000
-1.690000
-1.690000
-1.690000
-1.689000
-1.665000
-1.690000
-1.690000
-1.689000
-1.520000
-1.690000
-1.690000
-1.689000
-1.333000
-1.683000
-1.690000
-1.689000
-1.380000
-1.532000
-1.681000
-1.689000
-0.580000
-1.287000
-1.468000
-1.665000
-0.736000
-1.158000
-1.338000
-1.593000
-0.682000
-0.906000
-1.194000
-1.130000
-0.119000
-0.339000
-0.585000
-0.456000
-0.071000
-0.196000
-0.436000
-0.326000
0.252000
0.198000
-0.147000
-0.384000
1.001000
1.103000
0.785000
0.284000
1.349000
1.237000
1.303000
0.693000
-1.690000
-1.690000
-1.690000
-1.689000
-1.688000
-1.690000
-1.690000
-1.689000
-1.688000
-1.690000
-1.690000
-1.689000
-1.690000
-1.690000
-1.690000
-1.689000
-1.690000
-1.690000
-1.690000
-1.689000
-1.690000
-1.690000
-1.690000
-1.689000
-1.690000
-1.690000
-1.690000
-1.689000
-1.690000
-1.690000
-1.690000
-1.689000
-1.685000
-1.690000
-1.690000
-1.689000
-1.360000
-1.690000
-1.690000
-1.689000
-1.321000
-1.611000
-1.686000
-1.689000
-1.138000
-1.230000
-1.648000
-1.682000
-0.809000
-0.839000
-1.261000
-1.197000
-0.715000
-0.955000
-1.096000
-1.316000
-0.437000
-0.376000
-0.493000
-0.784000
-0.353000
-0.049000
-0.105000
-0.242000
-0.107000
0.086000
-0.012000
-0.101000
0.097000
0.022000
-0.229000
-0.396000
0.324000
0.222000
-0.086000
-0.407000
0.906000
0.572000
0.810000
0.462000
-1.690000
-1.690000
-1.690000
-1.689000
-1.690000
-1.690000
-1.690000
-1.689000
-1.690000
-1.690000
-1.690000
-1.689000
-1.666000
-1.690000
-1.690000
-1.689000
-1.681000
-1.690000
-1.690000
-1.689000
-1.689000
-1.690000
-1.690000
-1.689000
-1.690000
-1.690000
-1.690000
-1.689000
-1.690000
-1.690000
-1.690000
-1.689000
-1.690000
-1.690000
-1.690000
-1.689000
-1.689000
-1.690000
-1.690000
-1.689000
-1.423000
-1.687000
-1.690000
-1.689000
-1.219000
-1.219000
-1.635000
-1.689000
-1.088000
-1.223000
-1.269000
-1.645000
-0.945000
-0.891000
-1.128000
-1.087000
-0.676000
-0.684000
-0.848000
-1.224000
-0.261000
-0.433000
-0.658000
-0.788000
0.031000
-0.156000
-0.521000
-0.633000
0.315000
0.232000
-0.156000
-0.225000
0.013000
0.116000
0.132000
-0.061000
0.511000
0.512000
0.290000
0.266000
0.917000
0.877000
0.827000
0.428000
-1.690000
-1.690000
-1.690000
-1.689000
-1.690000
-1.690000
-1.690000
-1.689000
-1.690000
-1.690000
-1.690000
-1.689000
-1.690000
-1.690000
-1.690000
-1.689000
-1.690000
-1.690000
-1.690000
-1.689000
-1.690000
-1.690000
-1.690000
-1.689000
-1.410000
-1.641000
-1.680000
-1.689000
-1.164000
-1.498000
-1.298000
-1.626000
-0.948000
-0.985000
-1.165000
-1.142000
-0.695000
-0.693000
-1.056000
-1.100000
-0.268000
-0.412000
-0.811000
-0.996000
-0.096000
-0.271000
-0.574000
-0.882000
-0.243000
-0.290000
-0.752000
-0.803000
-0.178000
-0.229000
-0.240000
-0.445000
0.325000
0.282000
0.018000
0.056000
0.367000
0.342000
0.207000
0.283000
0.725000
0.681000
0.621000
0.502000
-1.690000
-1.690000
-1.690000
-1.689000
-1.690000
-1.690000
-1.690000
-1.689000
-1.690000
-1.690000
-1.690000
-1.689000
-1.465000
-1.548000
-1.555000
-1.689000
-1.108000
-1.023000
-1.141000
-1.405000
-0.779000
-0.681000
-1.171000
-1.103000
-0.373000
-0.465000
-1.010000
-0.958000
-0.028000
-0.084000
-0.664000
-0.875000
-0.052000
-0.028000
-0.500000
-0.588000
0.152000
0.181000
-0.473000
-0.688000
0.988000
0.735000
0.168000
-0.327000
1.003000
0.834000
0.485000
0.199000
0.791000
0.645000
0.614000
0.630000
0.899000
0.784000
0.747000
0.713000
-1.590000
-1.592000
-1.268000
-1.689000
-1.685000
-1.688000
-1.687000
-1.690000
-1.681000
-1.688000
-1.690000
-1.690000
-1.519000
-1.594000
-1.688000
-1.690000
-0.879000
-0.985000
-1.327000
-1.684000
-0.515000
-0.641000
-1.095000
-1.406000
-0.396000
-0.447000
-0.816000
-1.150000
-0.138000
-0.539000
-0.633000
-0.924000
0.092000
-0.393000
-0.729000
-0.881000
0.121000
-0.168000
-0.680000
-0.767000
0.160000
-0.102000
-0.598000
-0.691000
0.236000
-0.087000
-0.335000
-0.561000
0.360000
0.009000
-0.121000
-0.422000
0.451000
0.318000
0.035000
-0.002000
0.957000
0.790000
0.347000
0.337000
1.578000
1.403000
0.707000
0.984000
2.016000
1.856000
1.249000
1.765000
2.156000
1.852000
1.114000
1.951000
-1.257000
-1.208000
-1.411000
-1.690000
-1.672000
-1.635000
-1.630000
-1.690000
-1.690000
-1.690000
-1.690000
-1.690000
-1.661000
-1.675000
-1.690000
-1.690000
-1.209000
-1.325000
-1.663000
-1.690000
-0.447000
-0.815000
-1.268000
-1.659000
-0.060000
-0.357000
-0.810000
-1.254000
0.143000
-0.219000
-0.573000
-0.819000
0.157000
-0.217000
-0.444000
-0.667000
0.453000
-0.023000
-0.352000
-0.613000
0.313000
-0.099000
-0.313000
-0.552000
0.365000
-0.109000
-0.263000
-0.641000
0.565000
0.268000
-0.044000
-0.447000
0.857000
0.741000
0.290000
0.149000
1.233000
0.929000
0.620000
0.600000
1.717000
1.614000
1.337000
1.076000
1.941000
1.768000
1.468000
1.531000
1.884000
1.785000
1.555000
1.776000
-0.838000
-1.023000
-1.316000
-1.690000
-1.378000
-1.327000
-1.391000
-1.690000
-1.690000
-1.690000
-1.688000
-1.690000
-1.690000
-1.690000
-1.690000
-1.690000
-1.608000
-1.647000
-1.689000
-1.690000
-0.805000
-1.122000
-1.473000
-1.682000
-0.038000
-0.655000
-0.763000
-1.356000
0.219000
-0.191000
-0.312000
-0.732000
0.227000
-0.116000
-0.234000
-0.484000
0.313000
-0.069000
-0.173000
-0.430000
0.508000
-0.029000
-0.196000
-0.367000
0.586000
-0.045000
-0.103000
-0.450000
0.748000
0.189000
0.116000
-0.361000
0.937000
0.550000
0.353000
-0.199000
1.196000
0.961000
0.790000
0.396000
1.484000
1.496000
1.416000
1.216000
1.926000
1.943000
1.860000
1.642000
2.001000
2.089000
2.431000
2.012000
-0.720000
-1.268000
-1.426000
-1.690000
-1.164000
-1.393000
-1.604000
-1.690000
-1.686000
-1.640000
-1.690000
-1.690000
-1.690000
-1.690000
-1.690000
-1.690000
-1.659000
-1.656000
-1.689000
-1.690000
-0.918000
-1.125000
-1.271000
-1.686000
-0.286000
-0.685000
-0.643000
-1.263000
-0.072000
-0.334000
-0.485000
-0.837000
0.454000
0.022000
-0.261000
-0.566000
0.367000
-0.024000
-0.110000
-0.375000
0.445000
0.068000
-0.098000
-0.439000
0.623000
0.058000
-0.131000
-0.376000
0.741000
0.313000
0.017000
-0.359000
1.263000
0.684000
0.245000
-0.310000
1.517000
1.261000
0.878000
0.163000
1.995000
1.967000
1.484000
0.773000
2.175000
2.278000
2.149000
1.506000
2.360000
2.479000
2.512000
1.886000
-1.062000
-1.333000
-1.282000
-1.690000
-0.950000
-1.312000
-1.590000
-1.690000
-1.252000
-1.384000
-1.638000
-1.690000
-1.688000
-1.673000
-1.690000
-1.690000
-1.690000
-1.690000
-1.690000
-1.690000
-1.659000
-1.658000
-1.661000
-1.690000
-1.073000
-1.190000
-1.218000
-1.679000
-0.418000
-0.749000
-0.908000
-1.279000
-0.050000
-0.428000
-0.704000
-1.038000
0.349000
0.001000
-0.431000
-0.675000
0.579000
0.217000
-0.005000
-0.198000
0.595000
0.316000
-0.063000
-0.128000
0.616000
0.259000
-0.015000
-0.200000
0.688000
0.465000
0.205000
0.025000
0.745000
0.710000
0.476000
0.178000
1.643000
1.526000
0.943000
0.885000
2.037000
1.995000
1.664000
1.730000
2.444000
2.384000
2.246000
1.970000
2.370000
2.616000
2.569000
2.290000
-1.690000
-1.690000
-1.688000
-1.690000
-1.657000
-1.690000
-1.686000
-1.681000
-1.683000
-1.690000
-1.690000
-1.690000
-1.690000
-1.690000
-1.690000
-1.690000
-1.690000
-1.690000
-1.690000
-1.690000
-1.690000
-1.690000
-1.607000
-1.596000
-1.658000
-1.690000
-0.724000
-0.875000
-0.996000
-1.654000
-0.189000
-0.322000
-0.570000
-1.151000
0.195000
-0.079000
-0.351000
-0.861000
0.523000
0.188000
-0.132000
-0.391000
0.599000
0.334000
0.127000
-0.128000
0.647000
0.351000
0.191000
-0.093000
0.615000
0.427000
0.343000
-0.025000
0.754000
0.536000
0.373000
0.001000
1.154000
0.890000
0.814000
0.132000
1.250000
1.135000
0.996000
0.463000
1.656000
1.311000
1.391000
1.051000
2.170000
2.123000
2.041000
1.860000
2.584000
2.631000
2.534000
2.400000
-1.626000
-1.769000
-1.779000
-1.690000
-1.690000
-1.690000
-1.690000
-1.690000
-1.690000
-1.690000
-1.690000
-1.690000
-1.690000
-1.690000
-1.690000
-1.690000
-1.690000
-1.690000
-1.690000
-1.690000
-1.690000
-1.690000
-1.690000
-1.690000
-1.690000
-1.690000
-1.690000
-1.690000
-1.506000
-1.628000
-1.650000
-1.690000
-0.803000
-0.912000
-0.941000
-1.604000
-0.215000
-0.269000
-0.484000
-0.868000
0.221000
0.189000
-0.161000
-0.625000
0.356000
0.207000
0.071000
-0.470000
0.431000
0.284000
0.190000
-0.249000
0.701000
0.432000
0.424000
0.001000
1.098000
0.809000
0.604000
0.182000
1.088000
0.986000
0.902000
0.482000
1.390000
1.230000
0.905000
0.700000
1.240000
1.105000
0.890000
0.730000
1.501000
1.344000
1.334000
1.033000
1.974000
1.995000
2.110000
1.655000
2.337000
2.372000
2.357000
2.247000
-1.549000
-1.652000
-1.647000
-1.690000
-1.685000
-1.675000
-1.690000
-1.690000
-1.690000
-1.690000
-1.690000
-1.690000
-1.690000
-1.690000
-1.690000
-1.690000
-1.690000
-1.690000
-1.690000
-1.690000
-1.690000
-1.690000
-1.690000
-1.690000
-1.636000
-1.636000
-1.552000
-1.690000
-0.408000
-0.703000
-0.694000
-1.643000
-0.018000
-0.146000
-0.402000
-1.010000
0.145000
0.255000
-0.177000
-0.713000
0.310000
0.403000
-0.031000
-0.450000
0.554000
0.457000
0.312000
-0.303000
0.783000
0.666000
0.505000
-0.097000
0.999000
1.044000
0.714000
0.374000
1.390000
1.301000
0.876000
0.719000
1.635000
1.496000
1.116000
0.771000
1.929000
1.826000
1.511000
1.317000
2.156000
2.157000
1.841000
1.616000
2.222000
2.292000
1.941000
1.836000
2.600000
2.474000
2.062000
1.798000
-1.131000
-1.454000
-1.366000
-1.654000
-1.138000
-1.475000
-1.365000
-1.683000
-1.186000
-1.396000
-1.597000
-1.690000
-1.145000
-1.253000
-1.368000
-1.690000
-1.672000
-1.647000
-1.671000
-1.690000
-1.690000
-1.687000
-1.690000
-1.690000
-1.690000
-1.690000
-1.690000
-1.690000
-1.690000
-1.690000
-1.690000
-1.690000
-1.031000
-1.121000
-1.094000
-1.689000
0.189000
-0.143000
-0.441000
-1.062000
0.667000
0.447000
0.098000
-0.473000
0.667000
0.742000
0.086000
-0.132000
0.583000
0.825000
0.210000
0.001000
0.661000
0.749000
0.387000
-0.003000
1.101000
1.066000
0.790000
0.357000
1.529000
1.355000
0.999000
0.802000
1.782000
1.790000
1.013000
1.031000
1.966000
2.028000
1.283000
1.244000
2.069000
2.193000
1.741000
1.587000
2.160000
2.284000
1.851000
1.739000
2.353000
2.313000
1.964000
1.874000
-0.675000
-1.156000
-1.284000
-1.550000
-1.656000
-1.856000
-1.821000
-1.690000
-1.690000
-1.690000
-1.690000
-1.690000
-1.690000
-1.690000
-1.690000
-1.690000
-1.683000
-1.562000
-1.187000
-1.690000
0.053000
-0.307000
-0.268000
-1.211000
0.503000
0.409000
0.270000
-0.193000
0.742000
0.542000
0.214000
0.009000
0.752000
0.697000
0.308000
0.137000
0.821000
0.875000
0.451000
0.354000
1.225000
1.170000
0.744000
0.622000
1.571000
1.651000
1.236000
1.101000
1.765000
1.758000
1.382000
1.200000
1.900000
1.830000
1.652000
1.186000
2.046000
2.041000
1.846000
1.619000
2.291000
2.374000
1.918000
1.827000
2.445000
2.444000
1.980000
1.916000
-1.690000
-1.690000
-1.690000
-1.690000
-1.689000
-1.690000
-1.686000
-1.690000
-0.130000
-0.460000
-0.621000
-1.205000
0.967000
0.266000
0.237000
-0.282000
0.831000
0.669000
0.413000
0.029000
0.910000
0.852000
0.488000
0.225000
1.012000
1.138000
0.777000
0.578000
1.233000
1.308000
0.881000
0.551000
1.599000
1.520000
1.023000
0.844000
1.689000
1.460000
1.001000
0.991000
1.835000
1.976000
1.537000
1.022000
2.076000
2.102000
1.870000
1.210000
2.396000
2.503000
1.928000
1.417000
3.071000
3.113000
2.173000
1.747000
1.747000
