-1.689000
-1.690000
-1.690000
-1.690000
-1.689000
-1.690000
-1.690000
-1.690000
-1.689000
-1.690000
-1.690000
-1.690000
-1.689000
-1.690000
-1.690000
-1.690000
-1.689000
-1.690000
-1.690000
-1.690000
-1.689000
-1.690000
-1.690000
-1.690000
-1.689000
-1.690000
-1.690000
-1.690000
-1.689000
-1.690000
-1.690000
-1.690000
-1.689000
-1.690000
-1.690000
-1.690000
-1.689000
-1.690000
-1.690000
-1.690000
-1.689000
-1.496000
-1.690000
-1.690000
-1.689000
-1.513000
-1.690000
-1.690000
-1.689000
-1.690000
-1.690000
-1.690000
-1.689000
-1.690000
-1.690000
-1.690000
-1.689000
-1.690000
-1.690000
-1.690000
-1.689000
-1.690000
-1.690000
-1.690000
-1.689000
-1.689000
-1.690000
-1.690000
-1.583000
-1.453000
-1.690000
-1.690000
-1.689000
-1.690000
-1.690000
-1.690000
-1.689000
-1.690000
-1.690000
-1.690000
-1.689000
-1.690000
-1.690000
-1.690000
-1.689000
-1.690000
-1.690000
-1.690000
-1.689000
-1.690000
-1.690000
-1.690000
-1.689000
-1.690000
-1.690000
-1.690000
-1.689000
-1.690000
-1.690000
-1.690000
-1.689000
-1.690000
-1.690000
-1.690000
-1.689000
-1.690000
-1.690000
-1.690000
-1.689000
-1.690000
-1.690000
-1.690000
-1.689000
-1.690000
-1.690000
-1.690000
-1.689000
-1.690000
-1.690000
-1.690000
-1.689000
-1.690000
-1.690000
-1.690000
-1.689000
-1.690000
-1.690000
-1.690000
-1.689000
-1.690000
-1.690000
-1.690000
-1.689000
-1.690000
-1.690000
-1.690000
-1.680000
-1.462000
-1.690000
-1.690000
-1.184000
-0.985000
-1.690000
-1.690000
-1.689000
-1.690000
-1.690000
-1.690000
-1.689000
-1.690000
-1.690000
-1.690000
-1.689000
-1.690000
-1.690000
-1.690000
-1.689000
-1.690000
-1.690000
-1.690000
-1.689000
-1.690000
-1.690000
-1.690000
-1.689000
-1.690000
-1.690000
-1.690000
-1.689000
-1.690000
-1.690000
-1.690000
-1.689000
-1.690000
-1.690000
-1.690000
-1.689000
-1.690000
-1.690000
-1.690000
-1.689000
-1.690000
-1.690000
-1.690000
-1.689000
-1.690000
-1.690000
-1.690000
-1.689000
-1.690000
-1.690000
-1.690000
-1.689000
-1.690000
-1.690000
-1.690000
-1.689000
-1.690000
-1.690000
-1.690000
-1.689000
-1.690000
-1.690000
-1.690000
-1.688000
-1.689000
-1.690000
-1.690000
-1.644000
-1.421000
-1.690000
-1.690000
-1.374000
-1.198000
-1.690000
-1.690000
-1.689000
-1.690000
-1.690000
-1.690000
-1.689000
-1.690000
-1.690000
-1.690000
-1.689000
-1.690000
-1.690000
-1.690000
-1.689000
-1.690000
-1.690000
-1.690000
-1.689000
-1.690000
-1.690000
-1.690000
-1.689000
-1.690000
-1.690000
-1.690000
-1.689000
-1.690000
-1.690000
-1.690000
-1.689000
-1.690000
-1.690000
-1.690000
-1.689000
-1.690000
-1.690000
-1.690000
-1.689000
-1.690000
-1.690000
-1.690000
-1.689000
-1.690000
-1.690000
-1.690000
-1.689000
-1.690000
-1.690000
-1.690000
-1.689000
-1.690000
-1.690000
-1.690000
-1.689000
-1.690000
-1.690000
-1.690000
-1.689000
-1.690000
-1.690000
-1.690000
-1.689000
-1.688000
-1.690000
-1.690000
-1.498000
-1.131000
-1.689000
-1.690000
-0.635000
-0.834000
-1.411000
-1.408000
-1.688000
-1.681000
-1.688000
-1.689000
-1.689000
-1.690000
-1.690000
-1.709000
-1.689000
-1.690000
-1.690000
-1.690000
-1.689000
-1.690000
-1.690000
-1.690000
-1.689000
-1.690000
-1.690000
-1.690000
-1.689000
-1.690000
-1.690000
-1.690000
-1.689000
-1.690000
-1.690000
-1.690000
-1.689000
-1.690000
-1.690000
-1.690000
-1.689000
-1.690000
-1.690000
-1.690000
-1.689000
-1.690000
-1.690000
-1.690000
-1.689000
-1.690000
-1.690000
-1.690000
-1.689000
-1.690000
-1.690000
-1.690000
-1.689000
-1.690000
-1.690000
-1.690000
-1.689000
-1.690000
-1.690000
-1.690000
-1.689000
-1.690000
-1.690000
-1.690000
-1.689000
-1.690000
-1.690000
-1.690000
-1.633000
-1.281000
-1.690000
-1.690000
-1.060000
-1.022000
-1.680000
-1.525000
-1.114000
-0.858000
-1.179000
-0.990000
-1.689000
-1.690000
-1.690000
-1.690000
-1.689000
-1.690000
-1.690000
-1.690000
-1.689000
-1.690000
-1.690000
-1.690000
-1.689000
-1.690000
-1.690000
-1.690000
-1.689000
-1.690000
-1.690000
-1.690000
-1.689000
-1.690000
-1.690000
-1.690000
-1.689000
-1.690000
-1.690000
-1.690000
-1.689000
-1.690000
-1.690000
-1.690000
-1.689000
-1.690000
-1.690000
-1.690000
-1.689000
-1.690000
-1.690000
-1.690000
-1.689000
-1.690000
-1.690000
-1.690000
-1.689000
-1.690000
-1.690000
-1.690000
-1.689000
-1.690000
-1.690000
-1.690000
-1.689000
-1.690000
-1.690000
-1.690000
-1.689000
-1.690000
-1.690000
-1.690000
-1.689000
-1.690000
-1.690000
-1.690000
-1.689000
-1.675000
-1.690000
-1.689000
-1.689000
-1.253000
-1.677000
-1.541000
-1.342000
-1.087000
-1.335000
-1.160000
-0.832000
-0.883000
-0.747000
-1.035000
-1.689000
-1.690000
-1.690000
-1.690000
-1.689000
-1.690000
-1.690000
-1.690000
-1.689000
-1.690000
-1.690000
-1.690000
-1.689000
-1.690000
-1.690000
-1.690000
-1.689000
-1.690000
-1.690000
-1.690000
-1.689000
-1.690000
-1.690000
-1.690000
-1.689000
-1.690000
-1.690000
-1.690000
-1.689000
-1.690000
-1.690000
-1.690000
-1.689000
-1.690000
-1.690000
-1.690000
-1.689000
-1.690000
-1.690000
-1.690000
-1.689000
-1.690000
-1.690000
-1.690000
-1.689000
-1.690000
-1.690000
-1.690000
-1.689000
-1.690000
-1.690000
-1.690000
-1.689000
-1.690000
-1.690000
-1.690000
-1.689000
-1.690000
-1.690000
-1.690000
-1.689000
-1.690000
-1.690000
-1.690000
-1.689000
-1.689000
-1.690000
-1.690000
-1.689000
-1.285000
-1.690000
-1.689000
-1.689000
-1.265000
-1.680000
-1.272000
-1.296000
-1.030000
-1.251000
-0.923000
-0.909000
-1.001000
-1.262000
-1.101000
-1.689000
-1.690000
-1.690000
-1.690000
-1.689000
-1.690000
-1.690000
-1.690000
-1.689000
-1.690000
-1.690000
-1.690000
-1.689000
-1.690000
-1.690000
-1.690000
-1.689000
-1.690000
-1.690000
-1.690000
-1.689000
-1.690000
-1.690000
-1.690000
-1.689000
-1.690000
-1.690000
-1.690000
-1.689000
-1.690000
-1.690000
-1.690000
-1.689000
-1.690000
-1.690000
-1.690000
-1.689000
-1.690000
-1.690000
-1.690000
-1.689000
-1.690000
-1.690000
-1.690000
-1.689000
-1.690000
-1.690000
-1.690000
-1.689000
-1.690000
-1.690000
-1.690000
-1.689000
-1.690000
-1.690000
-1.690000
-1.689000
-1.690000
-1.690000
-1.690000
-1.689000
-1.689000
-1.690000
-1.690000
-1.689000
-1.499000
-1.690000
-1.578000
-1.683000
-1.218000
-1.626000
-1.226000
-1.355000
-0.908000
-1.137000
-0.920000
-1.248000
-1.165000
-1.016000
-0.539000
-1.689000
-1.690000
-1.690000
-1.690000
-1.689000
-1.690000
-1.690000
-1.690000
-1.689000
-1.690000
-1.690000
-1.690000
-1.689000
-1.690000
-1.690000
-1.690000
-1.689000
-1.690000
-1.690000
-1.690000
-1.689000
-1.690000
-1.690000
-1.690000
-1.689000
-1.690000
-1.690000
-1.690000
-1.689000
-1.690000
-1.690000
-1.690000
-1.689000
-1.690000
-1.690000
-1.690000
-1.689000
-1.690000
-1.690000
-1.690000
-1.689000
-1.690000
-1.690000
-1.690000
-1.689000
-1.690000
-1.690000
-1.690000
-1.689000
-1.690000
-1.690000
-1.690000
-1.689000
-1.690000
-1.690000
-1.690000
-1.689000
-1.690000
-1.690000
-1.690000
-1.689000
-1.690000
-1.690000
-1.690000
-1.689000
-1.690000
-1.690000
-1.690000
-1.689000
-1.485000
-1.690000
-1.690000
-1.521000
-1.351000
-1.689000
-1.603000
-0.999000
-0.949000
-1.412000
-1.187000
-0.868000
-0.826000
-0.926000
-0.852000
-1.689000
-1.690000
-1.690000
-1.690000
-1.689000
-1.690000
-1.690000
-1.690000
-1.689000
-1.690000
-1.690000
-1.690000
-1.689000
-1.690000
-1.690000
-1.690000
-1.689000
-1.690000
-1.690000
-1.690000
-1.689000
-1.690000
-1.690000
-1.690000
-1.689000
-1.690000
-1.690000
-1.690000
-1.689000
-1.690000
-1.690000
-1.690000
-1.689000
-1.690000
-1.690000
-1.690000
-1.689000
-1.690000
-1.690000
-1.690000
-1.689000
-1.690000
-1.690000
-1.690000
-1.689000
-1.690000
-1.690000
-1.690000
-1.689000
-1.576000
-1.690000
-1.689000
-1.689000
-1.261000
-1.671000
-1.618000
-1.321000
-1.069000
-0.998000
-0.794000
-0.837000
-0.452000
-0.630000
-0.532000
-0.610000
-0.603000
-0.712000
-0.494000
-1.689000
-1.690000
-1.690000
-1.690000
-1.689000
-1.690000
-1.690000
-1.690000
-1.689000
-1.690000
-1.690000
-1.690000
-1.689000
-1.690000
-1.690000
-1.690000
-1.689000
-1.690000
-1.690000
-1.690000
-1.689000
-1.690000
-1.690000
-1.690000
-1.689000
-1.690000
-1.690000
-1.690000
-1.689000
-1.690000
-1.690000
-1.690000
-1.689000
-1.690000
-1.690000
-1.690000
-1.689000
-1.666000
-1.690000
-1.659000
-1.689000
-1.203000
-1.680000
-0.909000
-0.901000
-0.434000
-0.833000
-0.696000
-0.305000
-0.356000
-0.511000
-0.539000
-0.239000
-0.052000
-0.262000
-0.439000
-1.690000
-1.690000
-1.690000
-1.690000
-1.690000
-1.690000
-1.690000
-1.690000
-1.690000
-1.690000
-1.690000
-1.690000
-1.690000
-1.690000
-1.690000
-1.690000
-1.690000
-1.690000
-1.690000
-1.690000
-1.690000
-1.690000
-1.690000
-1.690000
-1.690000
-1.690000
-1.690000
-1.690000
-1.690000
-1.690000
-1.690000
-1.690000
-1.690000
-1.690000
-1.690000
-1.690000
-1.690000
-1.690000
-1.690000
-1.690000
-1.690000
-1.690000
-1.690000
-1.690000
-1.690000
-1.690000
-1.690000
-1.690000
-1.690000
-1.690000
-1.690000
-1.690000
-1.690000
-1.690000
-1.690000
-1.690000
-1.690000
-1.690000
-1.690000
-1.690000
-1.084000
-1.475000
-1.690000
-1.689000
-0.622000
-1.170000
-1.509000
-1.368000
-0.222000
-0.545000
-0.634000
-0.881000
-1.690000
-1.690000
-1.690000
-1.690000
-1.690000
-1.690000
-1.690000
-1.690000
-1.690000
-1.690000
-1.690000
-1.690000
-1.690000
-1.690000
-1.690000
-1.690000
-1.690000
-1.690000
-1.690000
-1.690000
-1.690000
-1.690000
-1.690000
-1.690000
-1.690000
-1.690000
-1.690000
-1.690000
-1.690000
-1.690000
-1.690000
-1.690000
-1.690000
-1.690000
-1.690000
-1.690000
-1.690000
-1.690000
-1.690000
-1.690000
-1.690000
-1.690000
-1.690000
-1.690000
-1.690000
-1.690000
-1.690000
-1.690000
-1.690000
-1.690000
-1.690000
-1.690000
-1.690000
-1.690000
-1.690000
-1.690000
-1.550000
-1.586000
-1.690000
-1.690000
-0.582000
-0.576000
-1.674000
-1.351000
-0.219000
-0.205000
-0.571000
-0.178000
-0.485000
-0.136000
-0.397000
-0.084000
-1.690000
-1.690000
-1.690000
-1.690000
-1.690000
-1.690000
-1.690000
-1.690000
-1.690000
-1.690000
-1.690000
-1.690000
-1.690000
-1.690000
-1.690000
-1.690000
-1.690000
-1.690000
-1.690000
-1.690000
-1.690000
-1.690000
-1.690000
-1.690000
-1.690000
-1.690000
-1.690000
-1.690000
-1.690000
-1.690000
-1.690000
-1.690000
-1.690000
-1.690000
-1.690000
-1.690000
-1.690000
-1.690000
-1.690000
-1.690000
-1.690000
-1.690000
-1.690000
-1.690000
-1.690000
-1.690000
-1.690000
-1.690000
-1.690000
-1.690000
-1.690000
-1.690000
-1.690000
-1.690000
-1.690000
-1.690000
-1.687000
-1.663000
-1.690000
-1.690000
-1.226000
-1.202000
-1.689000
-1.359000
-0.672000
-0.509000
-1.138000
-0.925000
-0.695000
-0.366000
-0.592000
-0.196000
-1.690000
-1.690000
-1.690000
-1.690000
-1.690000
-1.690000
-1.690000
-1.690000
-1.690000
-1.690000
-1.690000
-1.690000
-1.690000
-1.690000
-1.690000
-1.690000
-1.690000
-1.690000
-1.690000
-1.690000
-1.690000
-1.690000
-1.690000
-1.690000
-1.690000
-1.690000
-1.690000
-1.690000
-1.690000
-1.690000
-1.690000
-1.690000
-1.690000
-1.690000
-1.690000
-1.690000
-1.690000
-1.690000
-1.690000
-1.690000
-1.690000
-1.690000
-1.690000
-1.690000
-1.690000
-1.690000
-1.690000
-1.690000
-1.690000
-1.690000
-1.690000
-1.690000
-1.690000
-1.668000
-1.690000
-1.690000
-1.547000
-1.404000
-1.506000
-1.670000
-1.008000
-1.001000
-0.775000
-0.987000
-0.532000
-0.625000
-0.278000
-0.005000
-0.108000
-0.172000
0.263000
0.733000
-1.690000
-1.690000
-1.690000
-1.690000
-1.690000
-1.690000
-1.690000
-1.690000
-1.690000
-1.690000
-1.690000
-1.690000
-1.690000
-1.690000
-1.690000
-1.690000
-1.690000
-1.690000
-1.690000
-1.690000
-1.690000
-1.690000
-1.690000
-1.690000
-1.690000
-1.690000
-1.690000
-1.690000
-1.690000
-1.690000
-1.690000
-1.690000
-1.690000
-1.690000
-1.690000
-1.690000
-1.690000
-1.690000
-1.690000
-1.690000
-1.690000
-1.690000
-1.690000
-1.690000
-1.690000
-1.690000
-1.690000
-1.690000
-1.690000
-1.690000
-1.690000
-1.690000
-1.690000
-1.690000
-1.690000
-1.690000
-1.682000
-1.666000
-1.690000
-1.689000
-1.285000
-1.272000
-1.684000
-1.321000
-0.526000
-0.678000
-0.819000
-0.894000
0.043000
0.387000
0.229000
-0.155000
0.244000
0.536000
0.892000
0.676000
-1.690000
-1.690000
-1.690000
-1.690000
-1.690000
-1.690000
-1.690000
-1.690000
-1.690000
-1.690000
-1.690000
-1.690000
-1.690000
-1.690000
-1.690000
-1.690000
-1.690000
-1.690000
-1.690000
-1.690000
-1.690000
-1.690000
-1.690000
-1.690000
-1.690000
-1.690000
-1.690000
-1.690000
-1.690000
-1.690000
-1.690000
-1.690000
-1.690000
-1.690000
-1.690000
-1.690000
-1.690000
-1.690000
-1.690000
-1.690000
-1.690000
-1.690000
-1.690000
-1.690000
-1.690000
-1.690000
-1.690000
-1.690000
-1.690000
-1.690000
-1.690000
-1.690000
-1.690000
-1.690000
-1.690000
-1.690000
-1.690000
-1.690000
-1.690000
-1.690000
-1.690000
-1.671000
-1.690000
-1.684000
-1.607000
-1.311000
-1.620000
-1.317000
-0.890000
-0.757000
-0.872000
-0.516000
-0.031000
0.267000
0.042000
0.194000
-0.173000
0.541000
0.486000
0.085000
-1.690000
-1.690000
-1.690000
-1.690000
-1.690000
-1.690000
-1.690000
-1.690000
-1.690000
-1.690000
-1.690000
-1.690000
-1.690000
-1.690000
-1.690000
-1.690000
-1.690000
-1.690000
-1.690000
-1.690000
-1.690000
-1.690000
-1.690000
-1.690000
-1.690000
-1.690000
-1.690000
-1.690000
-1.690000
-1.690000
-1.690000
-1.690000
-1.690000
-1.690000
-1.690000
-1.690000
-1.690000
-1.690000
-1.690000
-1.690000
-1.690000
-1.690000
-1.690000
-1.690000
-1.690000
-1.690000
-1.690000
-1.690000
-1.690000
-1.690000
-1.690000
-1.690000
-1.690000
-1.690000
-1.690000
-1.690000
-1.690000
-1.690000
-1.690000
-1.690000
-1.690000
-1.690000
-1.690000
-1.690000
-1.690000
-1.535000
-1.543000
-1.621000
-1.690000
-1.277000
-1.199000
-0.992000
-1.249000
-1.161000
-1.205000
-1.101000
-0.543000
-0.140000
-0.436000
-0.621000
-0.401000
-0.188000
-0.172000
-0.093000
-1.690000
-1.690000
-1.690000
-1.690000
-1.690000
-1.690000
-1.690000
-1.690000
-1.690000
-1.690000
-1.690000
-1.690000
-1.690000
-1.690000
-1.690000
-1.690000
-1.690000
-1.690000
-1.690000
-1.690000
-1.690000
-1.690000
-1.690000
-1.690000
-1.690000
-1.690000
-1.690000
-1.690000
-1.690000
-1.690000
-1.690000
-1.690000
-1.690000
-1.690000
-1.690000
-1.690000
-1.690000
-1.690000
-1.690000
-1.690000
-1.690000
-1.690000
-1.690000
-1.690000
-1.690000
-1.690000
-1.690000
-1.690000
-1.690000
-1.690000
-1.690000
-1.690000
-1.690000
-1.690000
-1.690000
-1.690000
-1.690000
-1.543000
-1.506000
-1.686000
-1.680000
-1.121000
-1.115000
-1.208000
-1.307000
-1.060000
-1.053000
-0.980000
-1.151000
-1.066000
-1.042000
-1.050000
-0.914000
-0.752000
-0.475000
-0.470000
-0.537000
-0.286000
0.007000
0.204000
-1.690000
-1.690000
-1.690000
-1.690000
-1.690000
-1.690000
-1.690000
-1.690000
-1.690000
-1.690000
-1.690000
-1.690000
-1.690000
-1.690000
-1.690000
-1.690000
-1.690000
-1.690000
-1.690000
-1.690000
-1.690000
-1.690000
-1.690000
-1.690000
-1.690000
-1.690000
-1.690000
-1.690000
-1.690000
-1.690000
-1.690000
-1.690000
-1.690000
-1.690000
-1.690000
-1.690000
-1.690000
-1.690000
-1.690000
-1.690000
-1.690000
-1.690000
-1.690000
-1.690000
-1.690000
-1.690000
-1.690000
-1.690000
-1.690000
-1.690000
-1.690000
-1.690000
-1.690000
-1.690000
-1.690000
-1.690000
-1.690000
-1.690000
-1.690000
-1.690000
-1.690000
-1.659000
-1.538000
-1.630000
-1.563000
-1.426000
-1.037000
-1.123000
-1.342000
-1.260000
-1.006000
-0.961000
-1.267000
-1.245000
-0.665000
-0.435000
-1.181000
-0.925000
-0.288000
-0.299000
-0.866000
-0.506000
-0.118000
-0.381000
-1.690000
-1.690000
-1.690000
-1.690000
-1.690000
-1.690000
-1.690000
-1.690000
-1.690000
-1.690000
-1.690000
-1.690000
-1.690000
-1.690000
-1.690000
-1.690000
-1.690000
-1.690000
-1.690000
-1.690000
-1.690000
-1.690000
-1.690000
-1.690000
-1.690000
-1.690000
-1.690000
-1.690000
-1.690000
-1.690000
-1.690000
-1.690000
-1.690000
-1.690000
-1.690000
-1.690000
-1.690000
-1.690000
-1.690000
-1.690000
-1.690000
-1.690000
-1.690000
-1.690000
-1.690000
-1.660000
-1.547000
-1.551000
-1.546000
-1.339000
-0.862000
-1.138000
-1.282000
-1.311000
-0.899000
-0.882000
-1.002000
-1.056000
-0.729000
-0.643000
-0.823000
-1.077000
-0.547000
-0.627000
-0.640000
-0.931000
-0.481000
-0.335000
-1.690000
-1.690000
-1.690000
-1.690000
-1.690000
-1.690000
-1.690000
-1.690000
-1.690000
-1.690000
-1.690000
-1.690000
-1.690000
-1.690000
-1.690000
-1.690000
-1.690000
-1.690000
-1.690000
-1.690000
-1.690000
-1.690000
-1.690000
-1.690000
-1.690000
-1.690000
-1.690000
-1.690000
-1.690000
-1.690000
-1.690000
-1.690000
-1.690000
-1.690000
-1.690000
-1.690000
-1.682000
-1.671000
-1.623000
-1.530000
-1.419000
-1.296000
-1.291000
-1.342000
-0.863000
-1.123000
-0.924000
-0.877000
-0.558000
-0.950000
-0.487000
-0.502000
-0.380000
-0.678000
-0.321000
-0.211000
