-1.690000
-1.690000
-1.691000
-1.690000
-1.690000
-1.690000
-1.691000
-1.690000
-1.690000
-1.690000
-1.691000
-1.690000
-1.690000
-1.690000
-1.691000
-1.690000
-1.690000
-1.690000
-1.691000
-1.690000
-1.690000
-1.690000
-1.691000
-1.690000
-1.690000
-1.690000
-1.691000
-1.690000
-1.690000
-1.690000
-1.691000
-1.690000
-1.690000
-1.690000
-1.691000
-1.690000
-1.690000
-1.690000
-1.691000
-1.690000
-1.690000
-1.690000
-1.691000
-1.690000
-1.690000
-1.690000
-1.691000
-1.690000
-1.690000
-1.690000
-1.691000
-1.690000
-1.689000
-1.690000
-1.690000
-1.681000
-1.447000
-1.690000
-1.617000
-1.675000
-0.860000
-1.379000
-1.347000
-1.373000
-0.233000
-0.665000
-0.747000
-0.701000
0.257000
-0.252000
-0.040000
-0.022000
-1.690000
-1.690000
-1.691000
-1.690000
-1.690000
-1.690000
-1.691000
-1.690000
-1.690000
-1.690000
-1.691000
-1.690000
-1.690000
-1.690000
-1.691000
-1.690000
-1.690000
-1.690000
-1.691000
-1.690000
-1.690000
-1.690000
-1.691000
-1.690000
-1.690000
-1.690000
-1.691000
-1.690000
-1.690000
-1.690000
-1.691000
-1.690000
-1.690000
-1.690000
-1.691000
-1.690000
-1.690000
-1.690000
-1.691000
-1.690000
-1.690000
-1.690000
-1.691000
-1.690000
-1.690000
-1.690000
-1.691000
-1.690000
-1.690000
-1.690000
-1.691000
-1.690000
-1.680000
-1.690000
-1.691000
-1.685000
-1.267000
-1.690000
-1.685000
-1.569000
-1.179000
-1.217000
-1.205000
-1.051000
-0.707000
-0.270000
-0.087000
-0.158000
-0.330000
-0.010000
-0.129000
0.006000
-1.690000
-1.690000
-1.691000
-1.690000
-1.690000
-1.690000
-1.691000
-1.690000
-1.690000
-1.690000
-1.691000
-1.690000
-1.690000
-1.690000
-1.691000
-1.690000
-1.690000
-1.690000
-1.691000
-1.690000
-1.690000
-1.690000
-1.691000
-1.690000
-1.690000
-1.690000
-1.691000
-1.690000
-1.690000
-1.690000
-1.691000
-1.690000
-1.690000
-1.690000
-1.691000
-1.690000
-1.690000
-1.690000
-1.691000
-1.690000
-1.690000
-1.690000
-1.691000
-1.690000
-1.690000
-1.690000
-1.691000
-1.690000
-1.690000
-1.690000
-1.691000
-1.672000
-1.676000
-1.690000
-1.691000
-1.550000
-1.380000
-1.671000
-1.506000
-1.499000
-1.205000
-1.087000
-1.327000
-1.400000
-0.932000
-0.286000
-0.733000
-0.474000
-0.588000
0.031000
-0.234000
0.027000
-1.690000
-1.690000
-1.691000
-1.690000
-1.690000
-1.690000
-1.691000
-1.690000
-1.690000
-1.690000
-1.691000
-1.690000
-1.690000
-1.690000
-1.691000
-1.690000
-1.690000
-1.690000
-1.691000
-1.690000
-1.690000
-1.690000
-1.691000
-1.690000
-1.690000
-1.690000
-1.691000
-1.690000
-1.690000
-1.690000
-1.691000
-1.690000
-1.690000
-1.690000
-1.691000
-1.690000
-1.690000
-1.690000
-1.691000
-1.690000
-1.690000
-1.690000
-1.691000
-1.690000
-1.690000
-1.690000
-1.691000
-1.690000
-1.690000
-1.690000
-1.691000
-1.621000
-1.677000
-1.690000
-1.691000
-1.403000
-1.066000
-1.665000
-1.468000
-1.195000
-1.026000
-0.442000
-0.741000
-0.831000
-0.170000
0.184000
0.024000
-0.353000
0.272000
0.613000
0.360000
0.617000
-1.690000
-1.690000
-1.689000
-1.690000
-1.690000
-1.690000
-1.691000
-1.690000
-1.690000
-1.690000
-1.691000
-1.690000
-1.690000
-1.690000
-1.691000
-1.690000
-1.690000
-1.690000
-1.691000
-1.690000
-1.690000
-1.690000
-1.691000
-1.690000
-1.690000
-1.690000
-1.691000
-1.690000
-1.690000
-1.690000
-1.691000
-1.690000
-1.690000
-1.690000
-1.691000
-1.690000
-1.690000
-1.690000
-1.691000
-1.690000
-1.690000
-1.690000
-1.691000
-1.690000
-1.690000
-1.690000
-1.691000
-1.690000
-1.690000
-1.690000
-1.691000
-1.690000
-1.690000
-1.690000
-1.691000
-1.630000
-1.690000
-1.690000
-1.691000
-1.406000
-1.661000
-1.690000
-1.679000
-1.321000
-0.506000
-0.942000
-1.078000
-1.114000
0.514000
0.405000
-0.571000
-0.333000
0.835000
0.929000
0.464000
0.294000
-1.690000
-1.690000
-1.691000
-1.690000
-1.690000
-1.690000
-1.690000
-1.690000
-1.690000
-1.690000
-1.691000
-1.690000
-1.690000
-1.690000
-1.691000
-1.690000
-1.690000
-1.690000
-1.691000
-1.690000
-1.690000
-1.690000
-1.691000
-1.690000
-1.690000
-1.690000
-1.691000
-1.690000
-1.690000
-1.690000
-1.691000
-1.690000
-1.690000
-1.690000
-1.691000
-1.690000
-1.690000
-1.690000
-1.691000
-1.690000
-1.690000
-1.690000
-1.691000
-1.690000
-1.690000
-1.690000
-1.691000
-1.690000
-1.690000
-1.690000
-1.691000
-1.690000
-1.690000
-1.690000
-1.691000
-1.690000
-1.690000
-1.690000
-1.691000
-1.690000
-1.690000
-1.690000
-1.691000
-1.501000
-1.690000
-1.690000
-1.691000
-1.351000
-1.639000
-1.537000
-1.456000
-0.042000
-0.064000
-0.193000
-0.488000
0.522000
0.895000
1.096000
0.566000
0.669000
-1.690000
-1.690000
-1.691000
-1.690000
-1.690000
-1.690000
-1.691000
-1.690000
-1.690000
-1.690000
-1.691000
-1.690000
-1.690000
-1.690000
-1.691000
-1.690000
-1.690000
-1.690000
-1.691000
-1.690000
-1.690000
-1.690000
-1.691000
-1.690000
-1.690000
-1.690000
-1.691000
-1.690000
-1.690000
-1.690000
-1.691000
-1.690000
-1.690000
-1.690000
-1.691000
-1.690000
-1.690000
-1.690000
-1.691000
-1.690000
-1.690000
-1.690000
-1.691000
-1.690000
-1.690000
-1.690000
-1.691000
-1.690000
-1.690000
-1.690000
-1.691000
-1.690000
-1.690000
-1.690000
-1.691000
-1.690000
-1.690000
-1.690000
-1.691000
-1.676000
-1.690000
-1.690000
-1.691000
-1.422000
-1.690000
-1.690000
-1.680000
-1.220000
-1.680000
-1.605000
-1.411000
-1.298000
-1.099000
-1.011000
-1.234000
-1.357000
-1.039000
-0.824000
-1.244000
-0.963000
0.347000
0.162000
-0.834000
-0.419000
-1.690000
-1.690000
-1.691000
-1.690000
-1.690000
-1.690000
-1.691000
-1.690000
-1.690000
-1.690000
-1.691000
-1.690000
-1.690000
-1.690000
-1.691000
-1.690000
-1.690000
-1.690000
-1.691000
-1.690000
-1.690000
-1.690000
-1.691000
-1.690000
-1.690000
-1.690000
-1.691000
-1.690000
-1.690000
-1.690000
-1.691000
-1.690000
-1.690000
-1.690000
-1.691000
-1.690000
-1.690000
-1.690000
-1.691000
-1.690000
-1.690000
-1.690000
-1.691000
-1.690000
-1.690000
-1.690000
-1.691000
-1.690000
-1.690000
-1.690000
-1.691000
-1.683000
-1.690000
-1.690000
-1.691000
-1.489000
-1.690000
-1.690000
-1.691000
-1.331000
-1.690000
-1.682000
-1.674000
-1.268000
-1.600000
-1.100000
-1.169000
-1.090000
-0.316000
-0.246000
-0.831000
-0.250000
-0.006000
-0.079000
-0.541000
-0.397000
0.107000
-0.161000
-0.586000
-0.426000
-1.690000
-1.690000
-1.691000
-1.690000
-1.690000
-1.690000
-1.691000
-1.690000
-1.690000
-1.690000
-1.691000
-1.690000
-1.690000
-1.690000
-1.691000
-1.690000
-1.690000
-1.690000
-1.691000
-1.690000
-1.690000
-1.690000
-1.691000
-1.690000
-1.690000
-1.690000
-1.691000
-1.690000
-1.690000
-1.690000
-1.691000
-1.690000
-1.690000
-1.690000
-1.691000
-1.690000
-1.690000
-1.690000
-1.691000
-1.690000
-1.690000
-1.690000
-1.691000
-1.690000
-1.690000
-1.690000
-1.691000
-1.690000
-1.690000
-1.690000
-1.691000
-1.690000
-1.690000
-1.690000
-1.691000
-1.690000
-1.690000
-1.690000
-1.691000
-1.655000
-1.690000
-1.690000
-1.691000
-1.445000
-1.690000
-1.690000
-1.690000
-1.425000
-1.145000
-1.689000
-1.473000
-1.197000
-0.906000
-1.164000
-1.395000
-0.984000
-0.604000
-0.877000
-0.990000
-0.354000
-0.514000
-0.789000
-0.629000
0.084000
-1.690000
-1.690000
-1.691000
-1.690000
-1.690000
-1.690000
-1.691000
-1.690000
-1.690000
-1.690000
-1.691000
-1.690000
-1.690000
-1.690000
-1.691000
-1.690000
-1.690000
-1.690000
-1.691000
-1.690000
-1.690000
-1.690000
-1.691000
-1.690000
-1.690000
-1.690000
-1.691000
-1.690000
-1.690000
-1.690000
-1.691000
-1.690000
-1.690000
-1.690000
-1.691000
-1.690000
-1.690000
-1.690000
-1.691000
-1.690000
-1.690000
-1.690000
-1.691000
-1.690000
-1.690000
-1.690000
-1.691000
-1.689000
-1.690000
-1.690000
-1.691000
-1.338000
-1.688000
-1.673000
-1.682000
-1.485000
-0.718000
-0.953000
-1.326000
-0.998000
-0.572000
-0.735000
-0.941000
-0.515000
-0.582000
-0.515000
-0.649000
-0.240000
-1.690000
-1.690000
-1.691000
-1.690000
-1.690000
-1.690000
-1.691000
-1.690000
-1.690000
-1.690000
-1.691000
-1.690000
-1.690000
-1.690000
-1.691000
-1.690000
-1.690000
-1.690000
-1.691000
-1.690000
-1.690000
-1.690000
-1.691000
-1.690000
-1.690000
-1.690000
-1.691000
-1.690000
-1.690000
-1.690000
-1.691000
-1.690000
-1.690000
-1.690000
-1.691000
-1.606000
-1.689000
-1.678000
-1.660000
-1.308000
-1.162000
-1.249000
-1.234000
-1.121000
-0.516000
-1.003000
-1.020000
-1.204000
-0.650000
-0.836000
-0.947000
-0.827000
-0.276000
-0.354000
-0.379000
-0.223000
-1.690000
-1.690000
-1.690000
-1.690000
-1.690000
-1.690000
-1.690000
-1.690000
-1.690000
-1.690000
-1.690000
-1.690000
-1.690000
-1.690000
-1.690000
-1.690000
-1.690000
-1.690000
-1.690000
-1.690000
-1.690000
-1.690000
-1.690000
-1.690000
-1.690000
-1.690000
-1.690000
-1.690000
-1.690000
-1.690000
-1.690000
-1.690000
-1.690000
-1.690000
-1.690000
-1.690000
-1.690000
-1.690000
-1.690000
-1.690000
-1.690000
-1.690000
-1.690000
-1.690000
-1.691000
-1.690000
-1.690000
-1.690000
-1.683000
-1.690000
-1.601000
-1.688000
-1.554000
-1.690000
-1.170000
-1.418000
-1.123000
-1.505000
-0.824000
-0.840000
-0.442000
-0.112000
-0.216000
-0.407000
-0.202000
-0.094000
0.198000
-0.015000
-0.158000
-0.150000
0.112000
0.171000
-1.690000
-1.690000
-1.690000
-1.690000
-1.690000
-1.690000
-1.690000
-1.690000
-1.690000
-1.690000
-1.690000
-1.690000
-1.690000
-1.690000
-1.690000
-1.690000
-1.690000
-1.690000
-1.690000
-1.690000
-1.690000
-1.690000
-1.690000
-1.690000
-1.690000
-1.690000
-1.690000
-1.690000
-1.690000
-1.690000
-1.690000
-1.690000
-1.690000
-1.690000
-1.690000
-1.690000
-1.690000
-1.690000
-1.690000
-1.690000
-1.690000
-1.690000
-1.690000
-1.690000
-1.689000
-1.690000
-1.690000
-1.690000
-1.676000
-1.690000
-1.619000
-1.689000
-1.474000
-1.688000
-1.250000
-1.613000
-1.247000
-1.330000
-1.157000
-1.108000
-0.301000
-0.201000
0.044000
-0.025000
-0.083000
-0.058000
-0.099000
0.389000
0.125000
0.427000
0.029000
0.583000
-1.690000
-1.690000
-1.690000
-1.690000
-1.690000
-1.690000
-1.690000
-1.690000
-1.690000
-1.690000
-1.690000
-1.690000
-1.690000
-1.690000
-1.690000
-1.690000
-1.690000
-1.690000
-1.690000
-1.690000
-1.690000
-1.690000
-1.690000
-1.690000
-1.690000
-1.690000
-1.690000
-1.690000
-1.690000
-1.690000
-1.690000
-1.690000
-1.690000
-1.690000
-1.690000
-1.690000
-1.690000
-1.690000
-1.690000
-1.690000
-1.690000
-1.690000
-1.690000
-1.690000
-1.689000
-1.690000
-1.690000
-1.690000
-1.570000
-1.654000
-1.689000
-1.689000
-1.451000
-1.277000
-1.538000
-1.687000
-1.409000
-1.216000
-1.381000
-1.270000
-0.870000
-0.577000
-0.658000
0.019000
-0.230000
0.150000
0.112000
0.636000
0.509000
0.773000
0.721000
1.226000
-1.690000
-1.690000
-1.690000
-1.690000
-1.690000
-1.690000
-1.690000
-1.690000
-1.690000
-1.690000
-1.690000
-1.690000
-1.690000
-1.690000
-1.690000
-1.690000
-1.690000
-1.690000
-1.690000
-1.690000
-1.690000
-1.690000
-1.690000
-1.690000
-1.690000
-1.690000
-1.690000
-1.690000
-1.690000
-1.690000
-1.690000
-1.690000
-1.690000
-1.690000
-1.690000
-1.690000
-1.690000
-1.690000
-1.690000
-1.690000
-1.692000
-1.664000
-1.690000
-1.690000
-1.672000
-1.471000
-1.689000
-1.690000
-1.500000
-1.350000
-1.574000
-1.689000
-1.346000
-1.188000
-1.127000
-1.636000
-1.147000
-1.170000
-1.483000
-1.238000
-0.449000
-0.604000
-1.007000
-0.667000
-0.013000
0.047000
-0.309000
-0.024000
0.326000
0.384000
0.162000
0.270000
-1.690000
-1.690000
-1.690000
-1.690000
-1.690000
-1.690000
-1.690000
-1.690000
-1.690000
-1.690000
-1.690000
-1.690000
-1.690000
-1.690000
-1.690000
-1.690000
-1.690000
-1.690000
-1.690000
-1.690000
-1.690000
-1.690000
-1.690000
-1.690000
-1.690000
-1.690000
-1.690000
-1.690000
-1.690000
-1.690000
-1.690000
-1.690000
-1.690000
-1.690000
-1.690000
-1.690000
-1.690000
-1.690000
-1.690000
-1.690000
-1.690000
-1.638000
-1.690000
-1.690000
-1.689000
-1.490000
-1.690000
-1.690000
-1.608000
-1.424000
-1.671000
-1.690000
-1.415000
-1.484000
-1.466000
-1.686000
-1.403000
-1.517000
-1.498000
-1.293000
-1.060000
-1.101000
-1.156000
-0.952000
-0.291000
-0.380000
-0.417000
-0.170000
0.217000
0.011000
0.111000
0.307000
0.765000
0.756000
0.517000
0.799000
-1.690000
-1.690000
-1.690000
-1.690000
-1.690000
-1.690000
-1.690000
-1.690000
-1.690000
-1.690000
-1.690000
-1.690000
-1.690000
-1.690000
-1.690000
-1.690000
-1.690000
-1.690000
-1.690000
-1.690000
-1.690000
-1.690000
-1.690000
-1.690000
-1.690000
-1.690000
-1.690000
-1.690000
-1.690000
-1.690000
-1.690000
-1.690000
-1.690000
-1.690000
-1.690000
-1.690000
-1.690000
-1.690000
-1.690000
-1.690000
-1.690000
-1.679000
-1.690000
-1.690000
-1.690000
-1.545000
-1.688000
-1.690000
-1.688000
-1.328000
-1.649000
-1.690000
-1.542000
-1.367000
-1.478000
-1.690000
-1.434000
-1.435000
-1.310000
-1.685000
-1.430000
-1.480000
-1.438000
-1.389000
-1.388000
-1.585000
-1.155000
-1.221000
-0.988000
-0.795000
-0.990000
-0.696000
-0.152000
0.424000
0.378000
0.352000
0.604000
0.878000
0.758000
0.964000
-1.690000
-1.690000
-1.690000
-1.690000
-1.690000
-1.690000
-1.690000
-1.690000
-1.690000
-1.690000
-1.690000
-1.690000
-1.690000
-1.690000
-1.690000
-1.690000
-1.690000
-1.690000
-1.690000
-1.690000
-1.690000
-1.690000
-1.690000
-1.690000
-1.690000
-1.690000
-1.690000
-1.690000
-1.690000
-1.690000
-1.690000
-1.690000
-1.690000
-1.690000
-1.690000
-1.690000
-1.690000
-1.690000
-1.690000
-1.690000
-1.690000
-1.622000
-1.690000
-1.690000
-1.690000
-1.394000
-1.644000
-1.690000
-1.690000
-1.280000
-1.529000
-1.690000
-1.684000
-1.285000
-1.399000
-1.690000
-1.596000
-1.283000
-1.203000
-1.687000
-1.534000
-1.317000
-1.174000
-1.370000
-1.573000
-1.328000
-1.271000
-1.172000
-1.568000
-1.174000
-1.283000
-1.095000
-0.913000
-0.336000
-0.986000
-1.035000
-0.576000
0.201000
-0.080000
0.059000
0.081000
0.474000
0.136000
0.576000
-1.690000
-1.690000
-1.690000
-1.690000
-1.690000
-1.690000
-1.690000
-1.690000
-1.690000
-1.690000
-1.690000
-1.690000
-1.690000
-1.690000
-1.690000
-1.690000
-1.690000
-1.690000
-1.690000
-1.690000
-1.690000
-1.690000
-1.690000
-1.690000
-1.690000
-1.690000
-1.690000
-1.690000
-1.690000
-1.690000
-1.690000
-1.690000
-1.690000
-1.690000
-1.690000
-1.690000
-1.690000
-1.483000
-1.658000
-1.690000
-1.690000
-1.379000
-1.571000
-1.690000
-1.690000
-1.312000
-1.616000
-1.690000
-1.691000
-1.314000
-1.511000
-1.670000
-1.544000
-1.271000
-1.397000
-1.124000
-1.211000
-1.107000
-1.265000
-1.114000
-1.195000
-1.122000
-0.943000
-0.859000
-1.238000
-0.970000
-1.091000
-0.949000
-0.648000
-0.156000
-0.694000
-0.621000
-0.567000
0.244000
-0.338000
0.101000
0.202000
0.764000
0.702000
0.533000
-1.690000
-1.690000
-1.690000
-1.690000
-1.690000
-1.690000
-1.690000
-1.690000
-1.690000
-1.690000
-1.690000
-1.690000
-1.690000
-1.690000
-1.690000
-1.690000
-1.690000
-1.690000
-1.690000
-1.690000
-1.690000
-1.690000
-1.690000
-1.690000
-1.690000
-1.690000
-1.690000
-1.690000
-1.690000
-1.690000
-1.690000
-1.690000
-1.690000
-1.690000
-1.690000
-1.690000
-1.690000
-1.695000
-1.690000
-1.690000
-1.690000
-1.419000
-1.620000
-1.690000
-1.690000
-1.393000
-1.536000
-1.690000
-1.685000
-1.434000
-1.462000
-1.687000
-1.622000
-1.305000
-1.500000
-1.494000
-1.296000
-1.127000
-1.231000
-1.192000
-1.099000
-1.094000
-1.171000
-1.108000
-1.348000
-1.230000
-1.244000
-1.160000
-0.965000
-0.656000
-0.685000
-0.366000
-0.325000
-0.226000
-0.316000
-0.132000
-0.269000
-0.049000
-0.570000
-0.391000
-0.146000
0.067000
-0.419000
-0.305000
-1.690000
-1.690000
-1.690000
-1.690000
-1.690000
-1.690000
-1.690000
-1.690000
-1.690000
-1.690000
-1.690000
-1.690000
-1.690000
-1.690000
-1.690000
-1.690000
-1.690000
-1.690000
-1.690000
-1.690000
-1.690000
-1.494000
-1.690000
-1.690000
-1.690000
-1.324000
-1.602000
-1.690000
-1.701000
-1.410000
-1.574000
-1.687000
-1.693000
-1.428000
-1.546000
-1.620000
-1.485000
-1.357000
-1.501000
-1.462000
-1.110000
-1.136000
-1.334000
-1.198000
-0.694000
-0.797000
-1.107000
-0.879000
-0.949000
-1.040000
-1.214000
-1.061000
-0.733000
-0.879000
-1.026000
-0.875000
-0.148000
-0.173000
-0.404000
-0.412000
-0.096000
-0.037000
-0.600000
-0.403000
-0.161000
-0.317000
-0.574000
-0.276000
-1.690000
-1.690000
-1.690000
-1.690000
-1.690000
-1.690000
-1.690000
-1.690000
-1.690000
-1.508000
-1.690000
-1.690000
-1.685000
-1.384000
-1.649000
-1.689000
-1.674000
-1.432000
-1.528000
-1.681000
-1.408000
-1.439000
-1.457000
-1.587000
-1.373000
-1.220000
-1.295000
-1.208000
-1.118000
-1.015000
-1.286000
-1.121000
-1.003000
-0.912000
-1.167000
-0.926000
-1.028000
-0.957000
-1.147000
-1.080000
-1.099000
-1.097000
-1.203000
-1.082000
-0.753000
-0.723000
-0.771000
-0.516000
-0.373000
-0.474000
-0.472000
0.088000
0.080000
-0.046000
-0.262000
0.298000
